# Wavelength Flux(MR)
5.89097364e+02 3.97449239e+26
5.89100659e+02 1.66554359e+27
5.89103954e+02 2.67164667e+27
5.89107249e+02 -2.70143213e+27
5.89110544e+02 5.72035678e+26
5.89113839e+02 5.26072529e+27
5.89117135e+02 -1.47568889e+27
5.89120430e+02 -1.23183335e+27
5.89123725e+02 -2.27516210e+27
5.89127020e+02 -3.32203702e+27
5.89130315e+02 -1.33854933e+27
5.89133610e+02 2.75366626e+27
5.89136905e+02 3.38262887e+27
5.89140200e+02 4.16958435e+27
5.89143496e+02 4.23495563e+27
5.89146791e+02 -8.03572119e+26
5.89150086e+02 -1.68554290e+27
5.89153381e+02 -2.13250974e+26
5.89156676e+02 -3.21224569e+27
5.89159971e+02 -1.69117075e+27
5.89163266e+02 -3.87232654e+27
5.89166561e+02 -2.23291434e+27
5.89169856e+02 1.55071838e+26
5.89173152e+02 1.08106123e+26
5.89176447e+02 1.32216024e+27
5.89179742e+02 2.73886133e+27
5.89183037e+02 1.52606548e+27
5.89186332e+02 -3.18872708e+27
5.89189627e+02 3.22869892e+26
5.89192922e+02 2.04856221e+27
5.89196217e+02 4.92359309e+26
5.89199513e+02 -2.68172034e+27
5.89202808e+02 -5.04650288e+27
5.89206103e+02 1.26737901e+27
5.89209398e+02 -9.23784690e+26
5.89212693e+02 7.25056042e+27
5.89215988e+02 2.51877303e+28
5.89219283e+02 4.05716860e+28
5.89222578e+02 5.67656796e+28
5.89225873e+02 5.25057222e+28
5.89229169e+02 3.12611231e+28
5.89232464e+02 1.30423214e+28
5.89235759e+02 3.76398461e+27
5.89239054e+02 1.74743910e+27
5.89242349e+02 9.97024498e+26
5.89245644e+02 -4.46232991e+27
5.89248939e+02 -3.19275079e+27
5.89252234e+02 -9.46428155e+26
5.89255530e+02 1.46790119e+27
5.89258825e+02 1.05157927e+27
5.89262120e+02 2.12730085e+27
5.89265415e+02 1.19661676e+27
5.89268710e+02 3.51660932e+27
5.89272005e+02 -5.57847659e+26
5.89275300e+02 -3.83712252e+27
5.89278595e+02 -1.17231954e+27
5.89281890e+02 -1.53474203e+27
5.89285186e+02 -6.16256837e+26
5.89288481e+02 -5.29669164e+27
5.89291776e+02 2.78211745e+27
5.89295071e+02 1.89699219e+24
5.89298366e+02 9.83443068e+26
5.89301661e+02 2.15045846e+27
5.89304956e+02 8.13834382e+26
5.89308251e+02 2.26331879e+27
5.89311547e+02 -7.64891092e+26
5.89314842e+02 -5.66837481e+26
5.89318137e+02 -4.47071820e+26
5.89321432e+02 4.82031917e+26
5.89324727e+02 -5.25612607e+26
5.89328022e+02 -7.75704667e+27
5.89331317e+02 1.52382824e+27
5.89334612e+02 4.86132842e+27
5.89337907e+02 4.31757763e+27
5.89341203e+02 7.51609306e+26
5.89344498e+02 3.69877186e+27
5.89347793e+02 2.53116165e+26
5.89351088e+02 1.42213445e+26
5.89354383e+02 1.48980092e+26
5.89357678e+02 -3.53986994e+27
5.89360973e+02 -1.91806258e+26
5.89364268e+02 3.96111302e+27
5.89367564e+02 2.30989728e+26
5.89370859e+02 -2.25413275e+27
5.89374154e+02 -2.46487443e+27
5.89377449e+02 -3.16316420e+27
5.89380744e+02 -6.59065687e+26
5.89384039e+02 3.35843196e+27
5.89387334e+02 1.27166534e+27
5.89390629e+02 -9.52946576e+26
5.89393924e+02 -1.71808253e+27
5.89397220e+02 1.13928515e+27
5.89400515e+02 -6.90864019e+26
5.89403810e+02 -1.80441810e+27
5.89407105e+02 -1.15371009e+27
5.89410400e+02 1.08302467e+27
5.89413695e+02 4.70267808e+27
5.89416990e+02 2.61365403e+27
5.89420285e+02 9.35164652e+26
5.89423581e+02 2.98591882e+27
5.89426876e+02 3.20145671e+27
5.89430171e+02 2.29636629e+26
5.89433466e+02 5.64627794e+26
5.89436761e+02 -3.46303517e+26
5.89440056e+02 -3.39731237e+27
5.89443351e+02 -4.11329866e+26
5.89446646e+02 -2.30215531e+27
5.89449941e+02 -2.30682577e+27
5.89453237e+02 2.95565409e+27
5.89456532e+02 1.58568265e+26
5.89459827e+02 -1.74954187e+27
5.89463122e+02 8.87591001e+25
5.89466417e+02 1.01917289e+27
5.89469712e+02 3.59406708e+26
5.89473007e+02 8.42506036e+26
5.89476302e+02 8.76933870e+26
5.89479598e+02 4.79336815e+26
5.89482893e+02 -1.65062771e+26
5.89486188e+02 -4.30235509e+26
5.89489483e+02 -4.17703475e+27
5.89492778e+02 -5.06297424e+27
5.89496073e+02 -3.88693864e+27
5.89499368e+02 -4.03498449e+27
5.89502663e+02 -4.69337479e+27
5.89505959e+02 -2.31900686e+27
5.89509254e+02 -5.64504047e+26
5.89512549e+02 -1.56277560e+27
5.89515844e+02 -1.77503127e+27
5.89519139e+02 -1.75986947e+27
5.89522434e+02 2.36728354e+27
5.89525729e+02 1.07381951e+27
5.89529024e+02 4.77047360e+26
5.89532319e+02 -5.71136798e+26
5.89535615e+02 -3.00426819e+27
5.89538910e+02 9.99863072e+26
5.89542205e+02 6.37460288e+26
5.89545500e+02 2.34695823e+27
5.89548795e+02 2.58548377e+27
5.89552090e+02 -3.89791371e+27
5.89555385e+02 -4.56995408e+27
5.89558680e+02 -2.21116829e+27
5.89561976e+02 -1.80368914e+27
5.89565271e+02 -4.24251113e+27
5.89568566e+02 -1.03945549e+27
5.89571861e+02 -8.24851308e+26
5.89575156e+02 -2.76046459e+27
5.89578451e+02 -1.16016410e+27
5.89581746e+02 3.99981166e+26
5.89585041e+02 -7.47973616e+26
5.89588336e+02 -2.86511402e+27
5.89591632e+02 -5.86401370e+26
5.89594927e+02 -3.00722215e+27
5.89598222e+02 -4.63112185e+27
5.89601517e+02 -3.37157976e+27
5.89604812e+02 1.23944536e+26
5.89608107e+02 -9.34061842e+26
5.89611402e+02 1.09011273e+27
5.89614697e+02 -2.82435543e+27
5.89617993e+02 -1.87064888e+27
5.89621288e+02 -1.47745081e+26
5.89624583e+02 -1.57109454e+27
5.89627878e+02 -1.85344857e+27
5.89631173e+02 3.50583384e+26
5.89634468e+02 -1.09206168e+27
5.89637763e+02 -1.34058050e+27
5.89641058e+02 -1.27735556e+27
5.89644353e+02 -7.28987957e+26
5.89647649e+02 4.71972477e+24
5.89650944e+02 -3.17946237e+27
5.89654239e+02 1.91694795e+25
5.89657534e+02 -9.71562837e+26
5.89660829e+02 -4.28430287e+26
5.89664124e+02 -1.16534193e+27
5.89667419e+02 -2.70807869e+25
5.89670714e+02 2.74699535e+27
5.89674010e+02 5.45257120e+26
5.89677305e+02 1.53345525e+27
5.89680600e+02 -1.88827555e+27
5.89683895e+02 -1.85816322e+27
5.89687190e+02 5.15224754e+26
5.89690485e+02 -7.98002134e+26
5.89693780e+02 -1.11175131e+27
5.89697075e+02 -1.62617689e+27
5.89700370e+02 -1.23219824e+27
5.89703666e+02 -2.23300206e+26
5.89706961e+02 -2.35520901e+27
5.89710256e+02 -2.00094570e+27
5.89713551e+02 -2.00761911e+27
5.89716846e+02 -8.72286419e+26
5.89720141e+02 -5.74760207e+26
5.89723436e+02 1.71135498e+26
5.89726731e+02 1.57790726e+26
5.89730027e+02 -4.36456424e+27
5.89733322e+02 -2.08216828e+27
5.89736617e+02 5.27493839e+26
5.89739912e+02 -8.43477128e+26
5.89743207e+02 8.08457612e+26
5.89746502e+02 -3.40613268e+27
5.89749797e+02 -1.70098464e+27
5.89753092e+02 2.21265424e+27
5.89756387e+02 -1.35675605e+26
5.89759683e+02 8.74226170e+26
5.89762978e+02 7.48261289e+26
5.89766273e+02 2.98918877e+27
5.89769568e+02 1.14558369e+27
5.89772863e+02 2.42885978e+27
5.89776158e+02 3.93056057e+27
5.89779453e+02 6.41148933e+27
5.89782748e+02 -3.08875980e+27
5.89786044e+02 -5.11955524e+25
5.89789339e+02 -1.70015168e+27
5.89792634e+02 -1.38497056e+27
5.89795929e+02 -1.49173543e+27
5.89799224e+02 -3.16010861e+27
5.89802519e+02 -4.81683341e+27
5.89805814e+02 6.44993539e+26
5.89809109e+02 3.28967400e+27
5.89812404e+02 1.18671654e+28
5.89815700e+02 2.69436599e+28
5.89818995e+02 3.80578285e+28
5.89822290e+02 3.97136630e+28
5.89825585e+02 3.53521503e+28
5.89828880e+02 1.79848682e+28
5.89832175e+02 5.79089962e+27
5.89835470e+02 5.40003004e+26
5.89838765e+02 -6.54961205e+26
5.89842061e+02 -1.09602064e+26
5.89845356e+02 -1.78750542e+27
5.89848651e+02 -2.65989242e+27
5.89851946e+02 -2.85614777e+27
5.89855241e+02 1.45927546e+27
5.89858536e+02 1.93488479e+27
5.89861831e+02 -1.63601683e+27
5.89865126e+02 -5.32792962e+26
5.89868421e+02 -1.31607049e+26
5.89871717e+02 -3.39335965e+27
5.89875012e+02 -1.95055161e+27
5.89878307e+02 -7.89439099e+26
5.89881602e+02 1.81251636e+26
5.89884897e+02 2.95924178e+27
5.89888192e+02 3.39407777e+25
5.89891487e+02 1.65113675e+27
5.89894782e+02 1.94083345e+27
5.89898078e+02 -4.15955893e+27
5.89901373e+02 -2.22369693e+27
5.89904668e+02 -2.32766690e+27
5.89907963e+02 -3.48456413e+27
5.89911258e+02 2.03745524e+26
5.89914553e+02 1.82955445e+27
5.89917848e+02 3.46406611e+25
5.89921143e+02 4.53466012e+25
5.89924438e+02 7.31629115e+26
5.89927734e+02 1.01061414e+27
5.89931029e+02 -1.32839781e+27
5.89934324e+02 5.94688116e+26
5.89937619e+02 -1.75145865e+27
5.89940914e+02 -1.31838735e+27
5.89944209e+02 -9.60109336e+25
5.89947504e+02 -2.91490453e+27
5.89950799e+02 5.92276673e+26
5.89954095e+02 -2.34723163e+27
5.89957390e+02 1.09595311e+27
5.89960685e+02 1.20867472e+27
5.89963980e+02 -8.67870420e+26
5.89967275e+02 2.63857767e+27
5.89970570e+02 2.00742438e+27
5.89973865e+02 -1.21194135e+27
5.89977160e+02 -5.25818174e+27
5.89980455e+02 -2.91072155e+27
5.89983751e+02 -1.66359434e+27
5.89987046e+02 1.46055189e+27
5.89990341e+02 3.33016064e+27
5.89993636e+02 3.03927468e+27
5.89996931e+02 4.90242047e+27
5.90000226e+02 2.08151354e+27
5.90003521e+02 3.96105555e+27
5.90006816e+02 -9.32567034e+26
5.90010112e+02 -2.42071879e+27
5.90013407e+02 -1.28787796e+27
5.90016702e+02 -1.44620291e+27
5.90019997e+02 -6.25794808e+26
5.90023292e+02 -8.92265207e+26
5.90026587e+02 -8.19757682e+26
5.90029882e+02 -2.89234713e+27
5.90033177e+02 -1.48366105e+27
5.90036472e+02 -3.10794901e+27
5.90039768e+02 2.09250582e+27
5.90043063e+02 -1.15281567e+26
5.90046358e+02 -5.55548153e+26
5.90049653e+02 2.61340310e+26
5.90052948e+02 -7.93561880e+26
5.90056243e+02 -2.24868678e+27
5.90059538e+02 -2.97239270e+27
5.90062833e+02 -1.58364273e+26
5.90066129e+02 -4.20910121e+27
5.90069424e+02 -3.17491040e+27
5.90072719e+02 -2.39182685e+26
5.90076014e+02 6.52780412e+25
5.90079309e+02 2.68708158e+27
5.90082604e+02 6.03934860e+26
5.90085899e+02 -2.44062539e+27
5.90089194e+02 -1.98341476e+27
5.90092489e+02 -1.14507653e+27
5.90095785e+02 -3.36828734e+27
5.90099080e+02 -3.53539023e+27
5.90102375e+02 -8.19187828e+26
5.90105670e+02 -2.64738973e+26
5.90108965e+02 3.38650130e+26
5.90112260e+02 2.62239472e+26
5.90115555e+02 -5.44469227e+26
5.90118850e+02 -2.65577942e+27
5.90122146e+02 -1.31145348e+27
5.90125441e+02 1.54971451e+27
5.90128736e+02 -7.50604195e+26
5.90132031e+02 -3.40675536e+27
5.90135326e+02 2.06276015e+27
5.90138621e+02 -1.79268812e+27
5.90141916e+02 -1.34841937e+27
5.90145211e+02 8.04334538e+26
5.90148506e+02 -3.08211122e+26
5.90151802e+02 2.80810508e+27
5.90155097e+02 -6.31539914e+26
5.90158392e+02 -1.91276485e+27
5.90161687e+02 8.40628084e+25
5.90164982e+02 -2.37990495e+27
5.90168277e+02 9.00453716e+26
5.90171572e+02 3.28592393e+26
5.90174867e+02 1.48014032e+27
5.90178163e+02 2.21583962e+27
5.90181458e+02 2.39605322e+27
5.90184753e+02 2.62820910e+27
5.90188048e+02 3.10589096e+27
5.90191343e+02 3.29424573e+27
5.90194638e+02 4.18828633e+27
5.90197933e+02 1.40621159e+27
5.90201228e+02 2.29132102e+26
5.90204523e+02 -9.35911140e+25
5.90207819e+02 -1.61683854e+24
5.90211114e+02 -2.36132693e+26
5.90214409e+02 4.59036076e+25
5.90217704e+02 -8.38957480e+26
5.90220999e+02 1.01377120e+26
5.90224294e+02 2.67322149e+27
5.90227589e+02 -1.18012884e+27
5.90230884e+02 -3.01850594e+26
5.90234180e+02 1.39285081e+26
5.90237475e+02 1.08481048e+27
5.90240770e+02 -1.65644092e+27
5.90244065e+02 -3.37391337e+27
5.90247360e+02 1.55703706e+27
5.90250655e+02 -9.60008804e+26
5.90253950e+02 -5.10850619e+27
5.90257245e+02 -5.02903253e+27
5.90260540e+02 -1.56911535e+27
5.90263836e+02 -1.15601107e+27
5.90267131e+02 -1.60331685e+27
5.90270426e+02 -5.71776659e+26
5.90273721e+02 -3.10064682e+27
5.90277016e+02 1.91792784e+26
5.90280311e+02 -1.91169363e+26
5.90283606e+02 -2.01726339e+27
5.90286901e+02 1.49016856e+26
5.90290197e+02 2.03296145e+27
5.90293492e+02 5.01991625e+26
5.90296787e+02 3.58099119e+27
5.90300082e+02 1.26584073e+27
5.90303377e+02 -1.20555514e+27
5.90306672e+02 -2.60591603e+27
5.90309967e+02 -2.94380342e+27
5.90313262e+02 -3.08158924e+27
5.90316557e+02 -3.32463834e+27
5.90319853e+02 1.31571696e+27
5.90323148e+02 7.42830532e+26
5.90326443e+02 3.50608339e+27
5.90329738e+02 1.81138266e+27
5.90333033e+02 3.44554031e+26
5.90336328e+02 7.01851358e+26
5.90339623e+02 3.20242856e+27
5.90342918e+02 4.65877918e+26
5.90346214e+02 2.50439800e+27
5.90349509e+02 7.86899984e+25
5.90352804e+02 1.71047300e+27
5.90356099e+02 2.33623770e+26
5.90359394e+02 -1.26731825e+27
5.90362689e+02 2.51963142e+26
5.90365984e+02 -1.14768805e+27
5.90369279e+02 6.72660933e+26
5.90372574e+02 7.29532158e+25
5.90375870e+02 -1.78578418e+27
5.90379165e+02 -1.63011992e+27
5.90382460e+02 -5.06169059e+26
5.90385755e+02 -3.08458252e+27
5.90389050e+02 5.92425557e+26
5.90392345e+02 1.57252053e+27
5.90395640e+02 4.33915196e+26
5.90398935e+02 -3.65747056e+26
5.90402231e+02 -4.31892663e+26
5.90405526e+02 -1.24678906e+27
5.90408821e+02 7.07185073e+26
5.90412116e+02 2.87692538e+26
5.90415411e+02 -3.57007142e+26
