# Wavelength Flux(MR)
5.89098004e+02 -9.49069019e+26
5.89101293e+02 -1.53837334e+27
5.89104583e+02 -4.33581088e+26
5.89107872e+02 -7.46245275e+26
5.89111162e+02 1.94244525e+27
5.89114451e+02 -2.95050592e+25
5.89117741e+02 3.85531537e+27
5.89121031e+02 -3.47953431e+25
5.89124320e+02 -7.17234115e+27
5.89127610e+02 -5.95349647e+27
5.89130899e+02 -1.96510109e+27
5.89134189e+02 -1.85885081e+26
5.89137478e+02 4.21422279e+27
5.89140768e+02 6.44730099e+27
5.89144058e+02 4.31140896e+27
5.89147347e+02 5.56763903e+27
5.89150637e+02 4.78545360e+27
5.89153926e+02 1.67963252e+27
5.89157216e+02 2.80656365e+27
5.89160506e+02 2.47458926e+27
5.89163795e+02 1.36017947e+27
5.89167085e+02 3.12078473e+25
5.89170374e+02 -1.21717383e+27
5.89173664e+02 -2.03826897e+27
5.89176953e+02 4.79767733e+26
5.89180243e+02 3.82267346e+27
5.89183533e+02 4.21004981e+27
5.89186822e+02 2.17455886e+27
5.89190112e+02 3.39370503e+27
5.89193401e+02 8.68745095e+26
5.89196691e+02 1.72367358e+26
5.89199981e+02 1.73666616e+27
5.89203270e+02 4.07691465e+27
5.89206560e+02 1.16201923e+27
5.89209849e+02 3.11715314e+27
5.89213139e+02 1.84961375e+27
5.89216428e+02 1.07327451e+27
5.89219718e+02 -5.82641709e+27
5.89223008e+02 -3.98942450e+27
5.89226297e+02 -6.37694428e+27
5.89229587e+02 -9.88207744e+27
5.89232876e+02 -1.54192875e+28
5.89236166e+02 -1.38093636e+28
5.89239455e+02 -6.23098984e+27
5.89242745e+02 1.39052711e+28
5.89246035e+02 4.57005784e+28
5.89249324e+02 6.86926686e+28
5.89252614e+02 6.40855073e+28
5.89255903e+02 3.92547002e+28
5.89259193e+02 1.61289488e+28
5.89262483e+02 -5.88583115e+26
5.89265772e+02 2.70581465e+27
5.89269062e+02 1.78177730e+27
5.89272351e+02 1.80768557e+27
5.89275641e+02 2.15433784e+27
5.89278930e+02 3.09868462e+27
5.89282220e+02 1.87536514e+26
5.89285510e+02 9.12826728e+25
5.89288799e+02 2.33339494e+27
5.89292089e+02 1.27891771e+27
5.89295378e+02 1.38516040e+27
5.89298668e+02 1.91215202e+27
5.89301957e+02 7.88149310e+26
5.89305247e+02 3.16881744e+27
5.89308537e+02 2.30172083e+27
5.89311826e+02 1.72708747e+26
5.89315116e+02 1.66640522e+27
5.89318405e+02 5.19054291e+27
5.89321695e+02 2.42989930e+27
5.89324985e+02 -3.51112636e+27
5.89328274e+02 -3.18113350e+27
5.89331564e+02 -2.01419710e+27
5.89334853e+02 -4.09739943e+26
5.89338143e+02 4.60918431e+27
5.89341432e+02 7.43122438e+27
5.89344722e+02 4.80384502e+27
5.89348012e+02 3.86137218e+27
5.89351301e+02 1.83944748e+27
5.89354591e+02 -1.13643414e+27
5.89357880e+02 -7.62385752e+27
5.89361170e+02 -7.07324586e+27
5.89364459e+02 -7.71564059e+27
5.89367749e+02 -1.38340532e+27
5.89371039e+02 9.13585839e+26
5.89374328e+02 1.25087703e+26
5.89377618e+02 9.25063513e+26
5.89380907e+02 1.88341994e+27
5.89384197e+02 1.02196681e+27
5.89387487e+02 4.40249347e+27
5.89390776e+02 3.00951863e+27
5.89394066e+02 -9.49029504e+26
5.89397355e+02 -3.89518561e+27
5.89400645e+02 -3.54560189e+27
5.89403934e+02 -5.87840206e+27
5.89407224e+02 -2.34867823e+27
5.89410514e+02 2.57048735e+27
5.89413803e+02 4.22614357e+27
5.89417093e+02 2.75653703e+27
5.89420382e+02 8.11237481e+26
5.89423672e+02 1.20354214e+27
5.89426962e+02 -1.28032340e+27
5.89430251e+02 -2.82089304e+27
5.89433541e+02 -3.29279777e+27
5.89436830e+02 -3.27554282e+27
5.89440120e+02 2.47406500e+26
5.89443409e+02 -3.89821142e+26
5.89446699e+02 -8.88860779e+26
5.89449989e+02 3.42077830e+25
5.89453278e+02 1.14470123e+27
5.89456568e+02 1.94982166e+26
5.89459857e+02 -4.47872959e+26
5.89463147e+02 -1.05265261e+27
5.89466436e+02 -3.50108062e+27
5.89469726e+02 -4.57232223e+27
5.89473016e+02 -9.58870113e+26
5.89476305e+02 -5.92285544e+26
5.89479595e+02 -6.54067572e+26
5.89482884e+02 1.06463878e+27
5.89486174e+02 2.23817903e+27
5.89489464e+02 7.66548438e+26
5.89492753e+02 1.35252913e+27
5.89496043e+02 5.04776885e+27
5.89499332e+02 5.86498608e+27
5.89502622e+02 3.99137408e+27
5.89505911e+02 4.88456471e+27
5.89509201e+02 -1.47856781e+27
5.89512491e+02 -5.01032209e+27
5.89515780e+02 -3.60519267e+27
5.89519070e+02 -6.38807594e+27
5.89522359e+02 -8.02500056e+27
5.89525649e+02 -1.43342100e+28
5.89528938e+02 -2.04178668e+28
5.89532228e+02 -2.33890972e+28
5.89535518e+02 -1.62480279e+28
5.89538807e+02 -5.00859085e+27
5.89542097e+02 2.59390873e+27
5.89545386e+02 6.11353507e+27
5.89548676e+02 7.41773238e+27
5.89551966e+02 4.64484450e+27
5.89555255e+02 3.81993680e+27
5.89558545e+02 -2.34432216e+27
5.89561834e+02 -1.37254527e+27
5.89565124e+02 -1.52861988e+27
5.89568413e+02 -2.88172556e+27
5.89571703e+02 -2.97672089e+27
5.89574993e+02 -2.38368912e+27
5.89578282e+02 -1.21611187e+27
5.89581572e+02 -3.52725274e+26
5.89584861e+02 -1.70831208e+27
5.89588151e+02 -2.33963464e+27
5.89591441e+02 -2.70594478e+27
5.89594730e+02 -7.92940746e+26
5.89598020e+02 -4.50008532e+27
5.89601309e+02 -4.35709541e+27
5.89604599e+02 -3.50913082e+27
5.89607888e+02 -2.29103101e+27
5.89611178e+02 -3.84395942e+26
5.89614468e+02 -6.25151290e+26
5.89617757e+02 -1.91456433e+27
5.89621047e+02 -1.78545257e+27
5.89624336e+02 -3.43968678e+27
5.89627626e+02 -1.35796321e+27
5.89630915e+02 4.20772990e+26
5.89634205e+02 -7.35338318e+26
5.89637495e+02 -1.91642538e+27
5.89640784e+02 -8.07827984e+26
5.89644074e+02 6.78694844e+26
5.89647363e+02 1.11428733e+27
5.89650653e+02 -2.47439511e+26
5.89653943e+02 -2.07999548e+27
5.89657232e+02 -1.81717147e+27
5.89660522e+02 -4.42030742e+27
5.89663811e+02 -9.44427538e+26
5.89667101e+02 -5.12117671e+26
5.89670390e+02 -2.16749933e+26
5.89673680e+02 -1.25197261e+27
5.89676970e+02 -1.91342377e+27
5.89680259e+02 -5.09334678e+24
5.89683549e+02 -1.58570944e+27
5.89686838e+02 -2.28552934e+26
5.89690128e+02 -2.45312902e+27
5.89693417e+02 8.60803811e+26
5.89696707e+02 -2.05305033e+27
5.89699997e+02 -2.39618052e+27
5.89703286e+02 -3.28156087e+27
5.89706576e+02 -3.17464397e+26
5.89709865e+02 -2.18006466e+27
5.89713155e+02 -3.10251953e+27
5.89716445e+02 -3.36294250e+27
5.89719734e+02 -3.76170644e+27
5.89723024e+02 -3.48560532e+27
5.89726313e+02 -3.79795966e+27
5.89729603e+02 -1.66204462e+27
5.89732892e+02 -4.71234455e+26
5.89736182e+02 -1.22838508e+27
5.89739472e+02 -2.25382251e+27
5.89742761e+02 -9.67956450e+26
5.89746051e+02 -1.04148018e+26
5.89749340e+02 9.24762934e+26
5.89752630e+02 8.02763464e+25
5.89755919e+02 1.21834715e+27
5.89759209e+02 -5.60013925e+26
5.89762499e+02 1.45736104e+27
5.89765788e+02 2.72858318e+26
5.89769078e+02 2.62681812e+27
5.89772367e+02 6.02848403e+26
5.89775657e+02 3.66874139e+27
5.89778947e+02 3.66158488e+26
5.89782236e+02 -2.57909629e+26
5.89785526e+02 3.15538517e+27
5.89788815e+02 2.03869938e+27
5.89792105e+02 2.44461684e+27
5.89795394e+02 3.60364446e+27
5.89798684e+02 5.02252792e+27
5.89801974e+02 3.29258828e+27
5.89805263e+02 4.76795300e+27
5.89808553e+02 1.46507778e+27
5.89811842e+02 1.23906045e+27
5.89815132e+02 1.85877849e+27
5.89818422e+02 2.06918205e+27
5.89821711e+02 -6.61398545e+26
5.89825001e+02 -4.53249855e+27
5.89828290e+02 -1.09040085e+28
5.89831580e+02 -1.76609912e+28
5.89834869e+02 -1.59742272e+28
5.89838159e+02 -9.48446610e+27
5.89841449e+02 4.32481524e+27
5.89844738e+02 2.50716951e+28
5.89848028e+02 4.06812891e+28
5.89851317e+02 3.80096567e+28
5.89854607e+02 2.76710777e+28
5.89857896e+02 1.46769321e+28
5.89861186e+02 7.69996483e+27
5.89864476e+02 3.61705688e+27
5.89867765e+02 6.78229952e+27
5.89871055e+02 4.66299750e+27
5.89874344e+02 4.54729223e+27
5.89877634e+02 3.09666731e+27
5.89880924e+02 3.47499172e+27
5.89884213e+02 1.43127208e+27
5.89887503e+02 -5.55221434e+26
5.89890792e+02 -4.83472462e+26
5.89894082e+02 -1.37410535e+27
5.89897371e+02 2.30030762e+27
5.89900661e+02 2.05457379e+27
5.89903951e+02 -4.27573130e+26
5.89907240e+02 -2.76006880e+27
5.89910530e+02 -2.19375832e+27
5.89913819e+02 -1.85524923e+27
5.89917109e+02 -2.99786886e+26
5.89920398e+02 3.30926454e+26
5.89923688e+02 3.46139442e+26
5.89926978e+02 1.25078125e+27
5.89930267e+02 -7.34991555e+26
5.89933557e+02 3.85274880e+26
5.89936846e+02 -1.62128285e+27
5.89940136e+02 -2.57019692e+27
5.89943426e+02 -3.08947962e+26
5.89946715e+02 2.41193045e+27
5.89950005e+02 1.49627580e+27
5.89953294e+02 1.07727981e+27
5.89956584e+02 7.31036993e+26
5.89959873e+02 5.98824780e+26
5.89963163e+02 2.86809981e+27
5.89966453e+02 1.23227347e+27
5.89969742e+02 2.33418240e+26
5.89973032e+02 -1.46471703e+27
5.89976321e+02 -5.09948853e+27
5.89979611e+02 -6.40987721e+27
5.89982901e+02 -5.13853288e+27
5.89986190e+02 1.03713426e+27
5.89989480e+02 4.90084368e+27
5.89992769e+02 6.63270266e+27
5.89996059e+02 5.26691676e+27
5.89999348e+02 3.34249398e+27
5.90002638e+02 1.87364654e+27
5.90005928e+02 -9.77121931e+25
5.90009217e+02 4.83305479e+26
5.90012507e+02 -1.82686342e+27
5.90015796e+02 3.52015585e+26
5.90019086e+02 1.58998740e+26
5.90022375e+02 -5.72960347e+26
5.90025665e+02 -3.61903107e+27
5.90028955e+02 -1.70520514e+27
5.90032244e+02 -3.00797994e+26
5.90035534e+02 3.27510694e+24
5.90038823e+02 -1.84798109e+27
5.90042113e+02 1.06876754e+27
5.90045403e+02 1.23103101e+27
5.90048692e+02 6.80369342e+26
5.90051982e+02 1.90419706e+27
5.90055271e+02 -6.80680262e+26
5.90058561e+02 -3.15305271e+27
5.90061850e+02 -8.18615297e+27
5.90065140e+02 -8.41778686e+27
5.90068430e+02 -6.50744204e+27
5.90071719e+02 -2.90191159e+27
5.90075009e+02 7.95571850e+26
5.90078298e+02 2.06580237e+27
5.90081588e+02 3.03585285e+27
5.90084877e+02 5.89654867e+26
5.90088167e+02 -1.34748829e+27
5.90091457e+02 -3.00864759e+25
5.90094746e+02 -1.17832535e+27
5.90098036e+02 -1.22849209e+27
5.90101325e+02 -1.98251197e+27
5.90104615e+02 -1.41174287e+27
5.90107905e+02 -3.22917757e+27
5.90111194e+02 -2.92727888e+27
5.90114484e+02 -2.00691774e+27
5.90117773e+02 -2.65553940e+27
5.90121063e+02 -2.80303624e+27
5.90124352e+02 -1.59791360e+27
5.90127642e+02 -2.39471568e+27
5.90130932e+02 -1.70769660e+27
5.90134221e+02 2.16193749e+27
5.90137511e+02 2.98443092e+27
5.90140800e+02 2.66097643e+27
5.90144090e+02 4.89761461e+27
5.90147379e+02 5.02583664e+27
5.90150669e+02 3.63994533e+27
5.90153959e+02 4.44530384e+27
5.90157248e+02 2.99254304e+27
5.90160538e+02 4.95266028e+26
5.90163827e+02 -1.76477178e+27
5.90167117e+02 -7.51630085e+27
5.90170407e+02 -1.16805188e+28
5.90173696e+02 -9.12827968e+27
5.90176986e+02 -4.38507801e+27
5.90180275e+02 1.94424083e+27
5.90183565e+02 4.28780894e+27
5.90186854e+02 5.55560162e+27
5.90190144e+02 3.60375698e+27
5.90193434e+02 1.50020550e+27
5.90196723e+02 -2.63247887e+26
5.90200013e+02 -4.32060384e+27
5.90203302e+02 -4.13642608e+27
5.90206592e+02 -3.40843493e+27
5.90209882e+02 -1.69014988e+27
5.90213171e+02 -7.76771672e+26
5.90216461e+02 -1.89363422e+27
5.90219750e+02 9.19544071e+26
5.90223040e+02 4.32450428e+26
5.90226329e+02 1.08669082e+27
5.90229619e+02 -2.41177317e+27
5.90232909e+02 -3.57467490e+27
5.90236198e+02 -1.16146755e+27
5.90239488e+02 -2.25309866e+27
5.90242777e+02 -8.48900910e+26
5.90246067e+02 -7.69525636e+26
5.90249356e+02 4.04608607e+26
5.90252646e+02 -1.01313809e+27
5.90255936e+02 -3.03135620e+27
5.90259225e+02 -4.53558173e+27
5.90262515e+02 -5.07781005e+27
5.90265804e+02 -2.20946033e+26
5.90269094e+02 6.24996825e+26
5.90272384e+02 -7.13209897e+26
5.90275673e+02 3.13677914e+26
5.90278963e+02 1.14017653e+27
5.90282252e+02 -4.21918905e+26
5.90285542e+02 5.36843259e+26
5.90288831e+02 1.78905246e+27
5.90292121e+02 4.23144057e+27
5.90295411e+02 6.62866410e+27
5.90298700e+02 5.73690195e+27
5.90301990e+02 2.76710120e+27
5.90305279e+02 -1.74753253e+27
5.90308569e+02 -7.54328743e+27
5.90311858e+02 -7.85686408e+27
5.90315148e+02 -5.28186846e+27
5.90318438e+02 1.60498368e+27
5.90321727e+02 5.76811395e+27
5.90325017e+02 5.66013699e+27
5.90328306e+02 6.04938358e+27
5.90331596e+02 2.99021522e+27
5.90334886e+02 1.66145614e+27
5.90338175e+02 2.26020212e+27
5.90341465e+02 -1.45144649e+27
5.90344754e+02 -7.08348065e+26
5.90348044e+02 2.93551600e+25
5.90351333e+02 1.41242144e+27
5.90354623e+02 -1.77281790e+26
5.90357913e+02 -1.63943870e+27
5.90361202e+02 -9.28061968e+24
5.90364492e+02 9.56951475e+26
5.90367781e+02 -1.53341606e+27
5.90371071e+02 -1.43766145e+27
5.90374361e+02 -1.88104906e+27
5.90377650e+02 -2.07079104e+27
5.90380940e+02 -1.22205262e+27
5.90384229e+02 -1.79766156e+27
5.90387519e+02 -6.95862881e+26
5.90390808e+02 -7.55712326e+26
5.90394098e+02 -2.55912140e+27
5.90397388e+02 -1.03775764e+27
5.90400677e+02 -1.54457683e+27
5.90403967e+02 -1.32005903e+27
5.90407256e+02 9.27047448e+26
5.90410546e+02 1.42310234e+27
5.90413835e+02 2.88977136e+27
