Wavelength(nm) Intensity
5.89098004e+02 1.86910837e+04
5.89101293e+02 1.83146584e+04
5.89104583e+02 1.83392304e+04
5.89107872e+02 1.82209083e+04
5.89111162e+02 1.84096680e+04
5.89114451e+02 1.78823237e+04
5.89117741e+02 1.77129646e+04
5.89121031e+02 1.71494308e+04
5.89124320e+02 1.63324140e+04
5.89127610e+02 1.56434998e+04
5.89130899e+02 1.60170787e+04
5.89134189e+02 1.70703721e+04
5.89137478e+02 1.76452929e+04
5.89140768e+02 1.74142051e+04
5.89144058e+02 1.72102214e+04
5.89147347e+02 1.74202840e+04
5.89150637e+02 1.74748178e+04
5.89153926e+02 1.73248581e+04
5.89157216e+02 1.66202177e+04
5.89160506e+02 1.63758312e+04
5.89163795e+02 1.58383457e+04
5.89167085e+02 1.57004954e+04
5.89170374e+02 1.44078860e+04
5.89173664e+02 1.43150402e+04
5.89176953e+02 1.43609514e+04
5.89180243e+02 1.48717253e+04
5.89183533e+02 1.49901178e+04
5.89186822e+02 1.41833357e+04
5.89190112e+02 1.41044413e+04
5.89193401e+02 1.36357086e+04
5.89196691e+02 1.29093082e+04
5.89199981e+02 1.26706396e+04
5.89203270e+02 1.20761051e+04
5.89206560e+02 1.15082314e+04
5.89209849e+02 1.03734481e+04
5.89213139e+02 1.00097559e+04
5.89216428e+02 9.15826236e+03
5.89219718e+02 8.29183439e+03
5.89223008e+02 7.08952900e+03
5.89226297e+02 5.60353682e+03
5.89229587e+02 3.96359944e+03
5.89232876e+02 2.96032553e+03
5.89236166e+02 2.01005566e+03
5.89239455e+02 3.00359934e+03
5.89242745e+02 6.37044857e+03
5.89246035e+02 1.18378526e+04
5.89249324e+02 1.66299742e+04
5.89252614e+02 1.74972436e+04
5.89255903e+02 1.41797112e+04
5.89259193e+02 1.08750676e+04
5.89262483e+02 9.81790875e+03
5.89265772e+02 1.08555295e+04
5.89269062e+02 1.11455317e+04
5.89272351e+02 1.19844705e+04
5.89275641e+02 1.27428240e+04
5.89278930e+02 1.25329970e+04
5.89282220e+02 1.36555977e+04
5.89285510e+02 1.36812300e+04
5.89288799e+02 1.43685701e+04
5.89292089e+02 1.49505039e+04
5.89295378e+02 1.51081261e+04
5.89298668e+02 1.55993807e+04
5.89301957e+02 1.54996888e+04
5.89305247e+02 1.59666517e+04
5.89308537e+02 1.58981312e+04
5.89311826e+02 1.56992921e+04
5.89315116e+02 1.62881437e+04
5.89318405e+02 1.60487943e+04
5.89321695e+02 1.57177189e+04
5.89324985e+02 1.52953400e+04
5.89328274e+02 1.50330853e+04
5.89331564e+02 1.51723856e+04
5.89334853e+02 1.63383119e+04
5.89338143e+02 1.72171059e+04
5.89341432e+02 1.73181080e+04
5.89344722e+02 1.77576566e+04
5.89348012e+02 1.77994286e+04
5.89351301e+02 1.77749747e+04
5.89354591e+02 1.71392496e+04
5.89357880e+02 1.65827875e+04
5.89361170e+02 1.66493496e+04
5.89364459e+02 1.64363446e+04
5.89367749e+02 1.70899140e+04
5.89371039e+02 1.78822409e+04
5.89374328e+02 1.81828943e+04
5.89377618e+02 1.86500078e+04
5.89380907e+02 1.86276794e+04
5.89384197e+02 1.88433607e+04
5.89387487e+02 1.84957611e+04
5.89390776e+02 1.84924803e+04
5.89394066e+02 1.81179786e+04
5.89397355e+02 1.76424276e+04
5.89400645e+02 1.69756853e+04
5.89403934e+02 1.64190158e+04
5.89407224e+02 1.78039852e+04
5.89410514e+02 1.81152570e+04
5.89413803e+02 1.85808170e+04
5.89417093e+02 1.86720442e+04
5.89420382e+02 1.88376689e+04
5.89423672e+02 1.84973364e+04
5.89426962e+02 1.79295354e+04
5.89430251e+02 1.81109259e+04
5.89433541e+02 1.86704005e+04
5.89436830e+02 1.89428289e+04
5.89440120e+02 1.87639776e+04
5.89443409e+02 1.92034786e+04
5.89446699e+02 1.90293054e+04
5.89449989e+02 1.94205658e+04
5.89453278e+02 1.93988204e+04
5.89456568e+02 1.88164517e+04
5.89459857e+02 1.88990403e+04
5.89463147e+02 1.79384262e+04
5.89466436e+02 1.78397266e+04
5.89469726e+02 1.76770352e+04
5.89473016e+02 1.83735666e+04
5.89476305e+02 1.88732344e+04
5.89479595e+02 1.89914432e+04
5.89482884e+02 1.89550210e+04
5.89486174e+02 1.86691862e+04
5.89489464e+02 1.90261539e+04
5.89492753e+02 1.90288245e+04
5.89496043e+02 1.86588055e+04
5.89499332e+02 1.89348008e+04
5.89502622e+02 1.85533869e+04
5.89505911e+02 1.78258335e+04
5.89509201e+02 1.65424524e+04
5.89512491e+02 1.53169105e+04
5.89515780e+02 1.50805682e+04
5.89519070e+02 1.50761663e+04
5.89522359e+02 1.40115213e+04
5.89525649e+02 1.27026730e+04
5.89528938e+02 1.18041996e+04
5.89532228e+02 1.18777054e+04
5.89535518e+02 1.28939747e+04
5.89538807e+02 1.52752123e+04
5.89542097e+02 1.74314012e+04
5.89545386e+02 1.85395405e+04
5.89548676e+02 1.85703375e+04
5.89551966e+02 1.90870617e+04
5.89555255e+02 1.92851748e+04
5.89558545e+02 1.92547729e+04
5.89561834e+02 1.93097590e+04
5.89565124e+02 1.95149957e+04
5.89568413e+02 1.98260144e+04
5.89571703e+02 1.91558194e+04
5.89574993e+02 1.94597454e+04
5.89578282e+02 1.92626977e+04
5.89581572e+02 1.88815782e+04
5.89584861e+02 1.95943752e+04
5.89588151e+02 1.97692535e+04
5.89591441e+02 1.91405298e+04
5.89594730e+02 1.91185053e+04
5.89598020e+02 1.89604485e+04
5.89601309e+02 1.86685483e+04
5.89604599e+02 1.83079809e+04
5.89607888e+02 1.87789167e+04
5.89611178e+02 1.89857855e+04
5.89614468e+02 1.93505737e+04
5.89617757e+02 1.90477687e+04
5.89621047e+02 1.91667857e+04
5.89624336e+02 1.89499221e+04
5.89627626e+02 1.90568206e+04
5.89630915e+02 1.90082074e+04
5.89634205e+02 1.88435836e+04
5.89637495e+02 1.92243585e+04
5.89640784e+02 1.91152425e+04
5.89644074e+02 1.89282756e+04
5.89647363e+02 1.87595899e+04
5.89650653e+02 1.87210617e+04
5.89653943e+02 1.87300329e+04
5.89657232e+02 1.81869480e+04
5.89660522e+02 1.82504351e+04
5.89663811e+02 1.79817078e+04
5.89667101e+02 1.85756446e+04
5.89670390e+02 1.85200151e+04
5.89673680e+02 1.85850368e+04
5.89676970e+02 1.86391667e+04
5.89680259e+02 1.87801181e+04
5.89683549e+02 1.84041544e+04
5.89686838e+02 1.90092296e+04
5.89690128e+02 1.93751063e+04
5.89693417e+02 1.90377179e+04
5.89696707e+02 1.88326977e+04
5.89699997e+02 1.91178131e+04
5.89703286e+02 1.91649303e+04
5.89706576e+02 1.92833212e+04
5.89709865e+02 1.90380493e+04
5.89713155e+02 1.92104443e+04
5.89716445e+02 1.90598512e+04
5.89719734e+02 1.88234264e+04
5.89723024e+02 1.85260706e+04
5.89726313e+02 1.86676327e+04
5.89729603e+02 1.86965920e+04
5.89732892e+02 1.84082339e+04
5.89736182e+02 1.84783122e+04
5.89739472e+02 1.82154556e+04
5.89742761e+02 1.85536004e+04
5.89746051e+02 1.85349220e+04
5.89749340e+02 1.82855030e+04
5.89752630e+02 1.79998027e+04
5.89755919e+02 1.82039702e+04
5.89759209e+02 1.80082732e+04
5.89762499e+02 1.81537203e+04
5.89765788e+02 1.76587193e+04
5.89769078e+02 1.73352368e+04
5.89772367e+02 1.77452707e+04
5.89775657e+02 1.74370036e+04
5.89778947e+02 1.71686993e+04
5.89782236e+02 1.70110011e+04
5.89785526e+02 1.67769622e+04
5.89788815e+02 1.61691045e+04
5.89792105e+02 1.58053103e+04
5.89795394e+02 1.53337281e+04
5.89798684e+02 1.45030937e+04
5.89801974e+02 1.39701847e+04
5.89805263e+02 1.29894099e+04
5.89808553e+02 1.20196699e+04
5.89811842e+02 1.08229158e+04
5.89815132e+02 9.68871236e+03
5.89818422e+02 8.71134215e+03
5.89821711e+02 7.69518370e+03
5.89825001e+02 6.40532110e+03
5.89828290e+02 4.36455233e+03
5.89831580e+02 2.98826620e+03
5.89834869e+02 2.17212268e+03
5.89838159e+02 3.44122824e+03
5.89841449e+02 6.35129000e+03
5.89844738e+02 9.67172529e+03
5.89848028e+02 1.26827818e+04
5.89851317e+02 1.38023332e+04
5.89854607e+02 1.28459428e+04
5.89857896e+02 1.19189230e+04
5.89861186e+02 1.19104626e+04
5.89864476e+02 1.27313209e+04
5.89867765e+02 1.32464431e+04
5.89871055e+02 1.41673646e+04
5.89874344e+02 1.47098953e+04
5.89877634e+02 1.49584347e+04
5.89880924e+02 1.56330132e+04
5.89884213e+02 1.57145006e+04
5.89887503e+02 1.59628028e+04
5.89890792e+02 1.64335757e+04
5.89894082e+02 1.67826438e+04
5.89897371e+02 1.69463473e+04
5.89900661e+02 1.72254806e+04
5.89903951e+02 1.69931350e+04
5.89907240e+02 1.73316852e+04
5.89910530e+02 1.71798290e+04
5.89913819e+02 1.73709051e+04
5.89917109e+02 1.75268098e+04
5.89920398e+02 1.78888614e+04
5.89923688e+02 1.79810608e+04
5.89926978e+02 1.79274709e+04
5.89930267e+02 1.83235257e+04
5.89933557e+02 1.80949410e+04
5.89936846e+02 1.82930314e+04
5.89940136e+02 1.84826981e+04
5.89943426e+02 1.81913285e+04
5.89946715e+02 1.82605985e+04
5.89950005e+02 1.84871361e+04
5.89953294e+02 1.81848021e+04
5.89956584e+02 1.80272536e+04
5.89959873e+02 1.77222099e+04
5.89963163e+02 1.76248443e+04
5.89966453e+02 1.74405912e+04
5.89969742e+02 1.71613706e+04
5.89973032e+02 1.64893306e+04
5.89976321e+02 1.59061152e+04
5.89979611e+02 1.55842540e+04
5.89982901e+02 1.60887393e+04
5.89986190e+02 1.71298191e+04
5.89989480e+02 1.78383354e+04
5.89992769e+02 1.82407885e+04
5.89996059e+02 1.83722946e+04
5.89999348e+02 1.88686225e+04
5.90002638e+02 1.86559094e+04
5.90005928e+02 1.87254404e+04
5.90009217e+02 1.92237835e+04
5.90012507e+02 1.95470609e+04
5.90015796e+02 1.90574229e+04
5.90019086e+02 1.96985780e+04
5.90022375e+02 1.94518708e+04
5.90025665e+02 1.92940570e+04
5.90028955e+02 1.92140624e+04
5.90032244e+02 1.93383133e+04
5.90035534e+02 1.91626252e+04
5.90038823e+02 1.89394295e+04
5.90042113e+02 1.90293505e+04
5.90045403e+02 1.89327903e+04
5.90048692e+02 1.91073726e+04
5.90051982e+02 1.89614632e+04
5.90055271e+02 1.81438360e+04
5.90058561e+02 1.74567215e+04
5.90061850e+02 1.69840165e+04
5.90065140e+02 1.61923905e+04
5.90068430e+02 1.67286794e+04
5.90071719e+02 1.79408092e+04
5.90075009e+02 1.82839275e+04
5.90078298e+02 1.85632646e+04
5.90081588e+02 1.94971002e+04
5.90084877e+02 1.92671571e+04
5.90088167e+02 1.95361734e+04
5.90091457e+02 1.94902758e+04
5.90094746e+02 1.96924091e+04
5.90098036e+02 1.95611924e+04
5.90101325e+02 1.94610465e+04
5.90104615e+02 1.94170550e+04
5.90107905e+02 1.92496440e+04
5.90111194e+02 1.97193427e+04
5.90114484e+02 1.93362095e+04
5.90117773e+02 1.91454993e+04
5.90121063e+02 1.94580470e+04
5.90124352e+02 1.97066819e+04
5.90127642e+02 1.99517998e+04
5.90130932e+02 1.94934094e+04
5.90134221e+02 1.94493388e+04
5.90137511e+02 1.94768280e+04
5.90140800e+02 1.93480954e+04
5.90144090e+02 1.88577272e+04
5.90147379e+02 1.83350423e+04
5.90150669e+02 1.79407554e+04
5.90153959e+02 1.73502367e+04
5.90157248e+02 1.65468269e+04
5.90160538e+02 1.55942192e+04
5.90163827e+02 1.51183061e+04
5.90167117e+02 1.42680323e+04
5.90170407e+02 1.33521440e+04
5.90173696e+02 1.33435355e+04
5.90176986e+02 1.49865796e+04
5.90180275e+02 1.64819176e+04
5.90183565e+02 1.71522602e+04
5.90186854e+02 1.76177357e+04
5.90190144e+02 1.79347779e+04
5.90193434e+02 1.80242192e+04
5.90196723e+02 1.76381611e+04
5.90200013e+02 1.77476936e+04
5.90203302e+02 1.77713916e+04
5.90206592e+02 1.79656032e+04
5.90209882e+02 1.82913558e+04
5.90213171e+02 1.87027080e+04
5.90216461e+02 1.92223557e+04
5.90219750e+02 1.94725385e+04
5.90223040e+02 1.94366817e+04
5.90226329e+02 1.96660854e+04
5.90229619e+02 1.96404484e+04
5.90232909e+02 1.94626564e+04
5.90236198e+02 1.92667536e+04
5.90239488e+02 1.95147873e+04
5.90242777e+02 1.93979824e+04
5.90246067e+02 1.94125616e+04
5.90249356e+02 1.91006652e+04
5.90252646e+02 1.90561248e+04
5.90255936e+02 1.91895685e+04
5.90259225e+02 1.89675000e+04
5.90262515e+02 1.92489370e+04
5.90265804e+02 1.95237309e+04
5.90269094e+02 1.94707188e+04
5.90272384e+02 1.92303076e+04
5.90275673e+02 1.92413065e+04
5.90278963e+02 1.92786217e+04
5.90282252e+02 1.93549569e+04
5.90285542e+02 1.89587107e+04
5.90288831e+02 1.87691108e+04
5.90292121e+02 1.86103923e+04
5.90295411e+02 1.87501175e+04
5.90298700e+02 1.88321540e+04
5.90301990e+02 1.76494522e+04
5.90305279e+02 1.66082911e+04
5.90308569e+02 1.59361385e+04
5.90311858e+02 1.57874009e+04
5.90315148e+02 1.63352877e+04
5.90318438e+02 1.74812042e+04
5.90321727e+02 1.87445931e+04
5.90325017e+02 1.89858726e+04
5.90328306e+02 1.94990442e+04
5.90331596e+02 1.94733484e+04
5.90334886e+02 1.95952885e+04
5.90338175e+02 1.96703514e+04
5.90341465e+02 1.93307768e+04
5.90344754e+02 1.97616616e+04
5.90348044e+02 1.95267164e+04
5.90351333e+02 1.97226841e+04
5.90354623e+02 1.96637185e+04
5.90357913e+02 1.95456600e+04
5.90361202e+02 1.92984061e+04
5.90364492e+02 1.92282526e+04
5.90367781e+02 1.89581135e+04
5.90371071e+02 1.90489335e+04
5.90374361e+02 1.83801697e+04
5.90377650e+02 1.86481128e+04
5.90380940e+02 1.84882552e+04
5.90384229e+02 1.89951948e+04
5.90387519e+02 1.88148875e+04
5.90390808e+02 1.87340024e+04
5.90394098e+02 1.87199238e+04
5.90397388e+02 1.82340497e+04
5.90400677e+02 1.88727624e+04
5.90403967e+02 1.89931213e+04
5.90407256e+02 1.90270039e+04
5.90410546e+02 1.94973040e+04
5.90413835e+02 1.92008512e+04
