# Wavelength Flux(MR)
5.89097364e+02 -1.19917536e+27
5.89100659e+02 -1.40574606e+27
5.89103954e+02 -2.31155130e+27
5.89107249e+02 7.26798950e+26
5.89110544e+02 -1.88573815e+26
5.89113839e+02 -3.38451289e+25
5.89117135e+02 -6.56349066e+26
5.89120430e+02 -1.50896365e+27
5.89123725e+02 -3.76153066e+27
5.89127020e+02 -1.72173843e+27
5.89130315e+02 -2.21844432e+27
5.89133610e+02 -9.28618881e+25
5.89136905e+02 2.08872826e+27
5.89140200e+02 2.00093524e+27
5.89143496e+02 1.30996800e+27
5.89146791e+02 9.79812312e+26
5.89150086e+02 1.49337882e+27
5.89153381e+02 1.40467056e+27
5.89156676e+02 -5.60684583e+26
5.89159971e+02 -1.26941684e+27
5.89163266e+02 -7.52761054e+26
5.89166561e+02 -1.56178866e+27
5.89169856e+02 -2.88625046e+26
5.89173152e+02 -1.15681202e+27
5.89176447e+02 -8.43813963e+26
5.89179742e+02 7.19539110e+26
5.89183037e+02 1.33533021e+27
5.89186332e+02 2.31390855e+26
5.89189627e+02 -9.06943433e+26
5.89192922e+02 -7.06633472e+26
5.89196217e+02 -5.90706245e+26
5.89199513e+02 -1.83526939e+27
5.89202808e+02 -2.15100292e+27
5.89206103e+02 -3.02465253e+27
5.89209398e+02 -3.35426325e+27
5.89212693e+02 -4.39722927e+27
5.89215988e+02 -6.51251054e+27
5.89219283e+02 -7.85634740e+27
5.89222578e+02 -4.37309682e+27
5.89225873e+02 1.82549310e+27
5.89229169e+02 1.60316395e+28
5.89232464e+02 4.12149394e+28
5.89235759e+02 6.83396688e+28
5.89239054e+02 8.15336543e+28
5.89242349e+02 7.09230627e+28
5.89245644e+02 3.88107173e+28
5.89248939e+02 1.43101512e+28
5.89252234e+02 4.01784054e+27
5.89255530e+02 2.43814114e+27
5.89258825e+02 -1.02588411e+27
5.89262120e+02 1.17254908e+27
5.89265415e+02 2.04766972e+27
5.89268710e+02 7.62298387e+26
5.89272005e+02 -7.84910661e+26
5.89275300e+02 -2.73461404e+27
5.89278595e+02 -3.58853763e+27
5.89281890e+02 -1.61707244e+27
5.89285186e+02 -1.68270327e+27
5.89288481e+02 1.25449000e+27
5.89291776e+02 4.54314825e+26
5.89295071e+02 1.38985392e+26
5.89298366e+02 6.57449138e+26
5.89301661e+02 4.55822511e+26
5.89304956e+02 -1.90427858e+27
5.89308251e+02 3.29860678e+26
5.89311547e+02 -9.08274085e+25
5.89314842e+02 -1.11005370e+26
5.89318137e+02 4.69480515e+26
5.89321432e+02 -5.67871536e+26
5.89324727e+02 -1.10702351e+27
5.89328022e+02 -1.89050439e+27
5.89331317e+02 -1.13444928e+27
5.89334612e+02 -2.57094841e+27
5.89337907e+02 -7.87771028e+26
5.89341203e+02 8.42869759e+25
5.89344498e+02 -9.66863070e+24
5.89347793e+02 1.08028210e+27
5.89351088e+02 4.54701483e+26
5.89354383e+02 7.96289567e+26
5.89357678e+02 8.89924145e+26
5.89360973e+02 -9.20695944e+26
5.89364268e+02 -1.07869998e+27
5.89367564e+02 -4.19266227e+26
5.89370859e+02 -2.29918468e+26
5.89374154e+02 -5.43947681e+25
5.89377449e+02 -2.79959984e+26
5.89380744e+02 -9.79258581e+26
5.89384039e+02 -2.72891250e+26
5.89387334e+02 -1.20638902e+27
5.89390629e+02 -5.88362878e+26
5.89393924e+02 2.02869473e+27
5.89397220e+02 -1.30860957e+27
5.89400515e+02 -2.34753552e+27
5.89403810e+02 -3.31185876e+27
5.89407105e+02 -3.79218225e+27
5.89410400e+02 -1.46690226e+27
5.89413695e+02 -1.36209174e+26
5.89416990e+02 2.10412383e+27
5.89420285e+02 -2.98986754e+26
5.89423581e+02 -1.15389839e+26
5.89426876e+02 -6.27055533e+26
5.89430171e+02 -2.39270102e+25
5.89433466e+02 -4.55671285e+26
5.89436761e+02 -2.52401078e+27
5.89440056e+02 5.84255718e+26
5.89443351e+02 4.50065257e+26
5.89446646e+02 -1.10273408e+27
5.89449941e+02 -1.09647057e+27
5.89453237e+02 -1.62848606e+27
5.89456532e+02 -8.70049000e+26
5.89459827e+02 -2.35897684e+27
5.89463122e+02 -1.58907809e+27
5.89466417e+02 -2.06430144e+27
5.89469712e+02 -3.38682001e+27
5.89473007e+02 -5.11625710e+26
5.89476302e+02 9.76597152e+26
5.89479598e+02 1.21513894e+27
5.89482893e+02 1.84742414e+27
5.89486188e+02 1.74378883e+27
5.89489483e+02 -8.32365969e+26
5.89492778e+02 -4.86387444e+26
5.89496073e+02 -3.96726432e+26
5.89499368e+02 -1.34168723e+27
5.89502663e+02 -2.06774546e+27
5.89505959e+02 -4.53126719e+27
5.89509254e+02 -5.26882364e+27
5.89512549e+02 -7.72270261e+27
5.89515844e+02 -6.50112141e+27
5.89519139e+02 -3.50026451e+27
5.89522434e+02 -9.94900904e+26
5.89525729e+02 1.95947288e+27
5.89529024e+02 2.15179295e+27
5.89532319e+02 2.56076853e+27
5.89535615e+02 2.14205527e+27
5.89538910e+02 8.61768237e+26
5.89542205e+02 7.79632857e+25
5.89545500e+02 -1.29671734e+27
5.89548795e+02 -1.61722279e+27
5.89552090e+02 -9.51187796e+26
5.89555385e+02 -7.83125953e+26
5.89558680e+02 -1.58900820e+27
5.89561976e+02 -6.82517106e+26
5.89565271e+02 -1.33111184e+27
5.89568566e+02 -6.15923540e+26
5.89571861e+02 -2.17856385e+27
5.89575156e+02 -1.79534057e+27
5.89578451e+02 -9.12365717e+26
5.89581746e+02 -2.13877605e+27
5.89585041e+02 -3.07873575e+27
5.89588336e+02 -2.39240886e+27
5.89591632e+02 -3.35398723e+26
5.89594927e+02 -1.15334918e+27
5.89598222e+02 -2.13207361e+27
5.89601517e+02 -1.95386834e+27
5.89604812e+02 -2.55778629e+27
5.89608107e+02 -7.55151313e+26
5.89611402e+02 -4.98272453e+26
5.89614697e+02 -1.71700885e+27
5.89617993e+02 3.67264369e+26
5.89621288e+02 -1.82969331e+27
5.89624583e+02 -2.38042358e+27
5.89627878e+02 -1.30805931e+27
5.89631173e+02 -1.94412677e+27
5.89634468e+02 -2.38639039e+27
5.89637763e+02 -3.91419819e+26
5.89641058e+02 -1.07924407e+27
5.89644353e+02 -2.54633100e+27
5.89647649e+02 -2.67688831e+27
5.89650944e+02 -1.50634845e+27
5.89654239e+02 -1.81040001e+27
5.89657534e+02 -3.26951749e+27
5.89660829e+02 -3.71726747e+27
5.89664124e+02 -1.23009818e+27
5.89667419e+02 -1.41712276e+27
5.89670714e+02 -1.02829893e+27
5.89674010e+02 -7.37947216e+26
5.89677305e+02 -2.17075714e+27
5.89680600e+02 -1.88612997e+27
5.89683895e+02 -7.49084741e+26
5.89687190e+02 -2.78403195e+26
5.89690485e+02 -1.57128041e+27
5.89693780e+02 -7.84710373e+25
5.89697075e+02 -2.15897966e+27
5.89700370e+02 -1.74491339e+27
5.89703666e+02 -1.63786835e+27
5.89706961e+02 -2.60117628e+27
5.89710256e+02 -9.43140425e+26
5.89713551e+02 -2.02507292e+27
5.89716846e+02 -1.68010664e+27
5.89720141e+02 -1.78685145e+27
5.89723436e+02 -1.49203237e+27
5.89726731e+02 -2.31161419e+27
5.89730027e+02 -2.68371367e+27
5.89733322e+02 -2.45995272e+27
5.89736617e+02 -3.09086919e+25
5.89739912e+02 4.70062349e+26
5.89743207e+02 1.67800720e+26
5.89746502e+02 -5.50741057e+26
5.89749797e+02 -1.40119682e+27
5.89753092e+02 -1.54526404e+27
5.89756387e+02 -5.96854413e+25
5.89759683e+02 -2.91755002e+26
5.89762978e+02 6.46778433e+26
5.89766273e+02 -2.50318815e+26
5.89769568e+02 -1.03651268e+26
5.89772863e+02 -3.34543111e+26
5.89776158e+02 -1.23445394e+26
5.89779453e+02 4.23523489e+25
5.89782748e+02 4.01728911e+26
5.89786044e+02 8.51006875e+26
5.89789339e+02 -8.24936248e+26
5.89792634e+02 -4.54915241e+25
5.89795929e+02 -2.26390767e+26
5.89799224e+02 -9.35810656e+26
5.89802519e+02 -2.27594296e+27
5.89805814e+02 -3.38789903e+27
5.89809109e+02 -4.09598301e+27
5.89812404e+02 -5.72010870e+27
5.89815700e+02 -6.26922796e+27
5.89818995e+02 -6.50595177e+27
5.89822290e+02 -1.28307975e+27
5.89825585e+02 7.33130790e+27
5.89828880e+02 2.32223578e+28
5.89832175e+02 4.28616863e+28
5.89835470e+02 5.83413475e+28
5.89838765e+02 6.05590344e+28
5.89842061e+02 4.33073111e+28
5.89845356e+02 2.16530239e+28
5.89848651e+02 7.55747912e+27
5.89851946e+02 2.63926460e+27
5.89855241e+02 2.49757542e+27
5.89858536e+02 3.23350378e+27
5.89861831e+02 3.41015200e+27
5.89865126e+02 1.31292301e+27
5.89868421e+02 -3.71000732e+25
5.89871717e+02 -9.09805540e+26
5.89875012e+02 -5.29152762e+26
5.89878307e+02 3.06489856e+26
5.89881602e+02 -7.66453501e+26
5.89884897e+02 -1.19219894e+26
5.89888192e+02 4.43444873e+26
5.89891487e+02 3.84660931e+25
5.89894782e+02 3.77818973e+26
5.89898078e+02 2.09042702e+26
5.89901373e+02 -1.00362509e+27
5.89904668e+02 -1.93398553e+27
5.89907963e+02 -2.15084233e+27
5.89911258e+02 -2.28766200e+27
5.89914553e+02 -2.40059813e+27
5.89917848e+02 -1.10917258e+27
5.89921143e+02 -1.81048345e+26
5.89924438e+02 -6.53015602e+26
5.89927734e+02 -8.97876265e+26
5.89931029e+02 -2.70570285e+26
5.89934324e+02 -1.24531219e+27
5.89937619e+02 -2.76319700e+26
5.89940914e+02 -3.64506893e+26
5.89944209e+02 -8.36664181e+26
5.89947504e+02 -1.87679772e+27
5.89950799e+02 -1.77421757e+27
5.89954095e+02 -1.16580021e+27
5.89957390e+02 -1.16603691e+27
5.89960685e+02 8.38916063e+26
5.89963980e+02 -1.85433175e+26
5.89967275e+02 2.21008203e+26
5.89970570e+02 5.15316598e+26
5.89973865e+02 -1.64439157e+27
5.89977160e+02 -2.78073414e+27
5.89980455e+02 -1.78811194e+27
5.89983751e+02 -2.84875516e+27
5.89987046e+02 4.69218819e+26
5.89990341e+02 1.20085549e+27
5.89993636e+02 1.94244864e+27
5.89996931e+02 1.77109002e+27
5.90000226e+02 1.85205785e+27
5.90003521e+02 9.04609639e+26
5.90006816e+02 -4.16046553e+25
5.90010112e+02 -1.50611149e+27
5.90013407e+02 -1.12646686e+27
5.90016702e+02 -1.30692645e+27
5.90019997e+02 2.75012580e+26
5.90023292e+02 -8.24802808e+26
5.90026587e+02 -4.69224459e+26
5.90029882e+02 -1.49977228e+27
5.90033177e+02 -1.58664108e+27
5.90036472e+02 -1.70553106e+27
5.90039768e+02 -1.64899964e+27
5.90043063e+02 -1.54256656e+27
5.90046358e+02 -2.23804195e+27
5.90049653e+02 -2.17083755e+27
5.90052948e+02 -1.30114792e+27
5.90056243e+02 -1.66966729e+27
5.90059538e+02 -2.25848429e+27
5.90062833e+02 -9.23747523e+26
5.90066129e+02 -1.35305677e+27
5.90069424e+02 -1.68883432e+27
5.90072719e+02 -4.89916423e+26
5.90076014e+02 6.92380604e+26
5.90079309e+02 8.39977848e+26
5.90082604e+02 -3.91328648e+25
5.90085899e+02 -2.55556617e+26
5.90089194e+02 -1.40819184e+27
5.90092489e+02 -2.05874650e+27
5.90095785e+02 -2.33182122e+27
5.90099080e+02 -2.24401323e+27
5.90102375e+02 -2.74815878e+26
5.90105670e+02 -2.53041957e+26
5.90108965e+02 -2.31874239e+27
5.90112260e+02 -2.50985206e+27
5.90115555e+02 -1.15675777e+27
5.90118850e+02 -6.67252383e+26
5.90122146e+02 -1.18593717e+27
5.90125441e+02 -5.79292333e+26
5.90128736e+02 -6.39692641e+26
5.90132031e+02 -4.68749468e+25
5.90135326e+02 1.18998208e+27
5.90138621e+02 1.93925842e+27
5.90141916e+02 1.91865622e+27
5.90145211e+02 1.85843653e+27
5.90148506e+02 -2.31513540e+26
5.90151802e+02 -1.77672701e+27
5.90155097e+02 -2.76646000e+27
5.90158392e+02 -2.80522206e+27
5.90161687e+02 -1.99111639e+27
5.90164982e+02 -1.93869956e+27
5.90168277e+02 -2.52409051e+27
5.90171572e+02 -1.28746964e+27
5.90174867e+02 2.14116769e+26
5.90178163e+02 2.38791733e+27
5.90181458e+02 1.96624037e+27
5.90184753e+02 2.32976223e+27
5.90188048e+02 2.80314171e+27
5.90191343e+02 1.77805784e+27
5.90194638e+02 6.76863478e+26
5.90197933e+02 3.37634350e+26
5.90201228e+02 8.41478847e+26
5.90204523e+02 -9.74471805e+26
5.90207819e+02 -1.38315232e+27
5.90211114e+02 2.39154423e+26
5.90214409e+02 -1.92156342e+27
5.90217704e+02 -3.49430784e+26
5.90220999e+02 -2.28877136e+27
5.90224294e+02 -1.45727846e+27
5.90227589e+02 -1.47569148e+27
5.90230884e+02 -2.94666930e+27
5.90234180e+02 -8.76915081e+26
5.90237475e+02 -1.86476300e+27
5.90240770e+02 -6.96448846e+26
5.90244065e+02 -9.30003707e+26
5.90247360e+02 -2.23151351e+27
5.90250655e+02 -2.75080726e+27
5.90253950e+02 -2.20818026e+27
5.90257245e+02 -1.30772788e+27
5.90260540e+02 -1.28933114e+27
5.90263836e+02 -1.79773315e+27
5.90267131e+02 -8.24118255e+26
5.90270426e+02 -7.00814273e+26
5.90273721e+02 1.25546792e+26
5.90277016e+02 -3.39865036e+26
5.90280311e+02 6.42299454e+26
5.90283606e+02 -4.83610938e+26
5.90286901e+02 -1.73433890e+26
5.90290197e+02 9.53139691e+26
5.90293492e+02 9.34479872e+26
5.90296787e+02 1.89280311e+27
5.90300082e+02 1.15241916e+27
5.90303377e+02 -2.39807797e+26
5.90306672e+02 -2.13901521e+27
5.90309967e+02 -3.55425203e+27
5.90313262e+02 -4.48374695e+27
5.90316557e+02 -5.03132200e+26
5.90319853e+02 1.69262407e+27
5.90323148e+02 2.61616924e+27
5.90326443e+02 3.14823804e+27
5.90329738e+02 2.79841166e+27
5.90333033e+02 1.20352431e+27
5.90336328e+02 -6.79078365e+26
5.90339623e+02 -5.56835621e+26
5.90342918e+02 -6.37444613e+26
5.90346214e+02 -1.12928090e+27
5.90349509e+02 -5.73265472e+26
5.90352804e+02 -2.55249001e+26
5.90356099e+02 -2.82823794e+24
5.90359394e+02 -8.74934575e+26
5.90362689e+02 -1.13156148e+27
5.90365984e+02 -8.58728957e+26
5.90369279e+02 -1.06903896e+27
5.90372574e+02 -1.63289743e+27
5.90375870e+02 -2.86753734e+27
5.90379165e+02 -3.62050966e+27
5.90382460e+02 -2.61551812e+27
5.90385755e+02 -1.24701885e+27
5.90389050e+02 -1.99789012e+27
5.90392345e+02 5.48029236e+25
5.90395640e+02 8.56230569e+26
5.90398935e+02 -1.03731669e+27
5.90402231e+02 -8.05847907e+25
5.90405526e+02 -9.00706067e+26
5.90408821e+02 -9.18157252e+24
5.90412116e+02 2.00025670e+26
5.90415411e+02 -5.44331277e+26
