# Wavelength Flux(MR)
5.89097364e+02 -1.89278793e+27
5.89100659e+02 -2.40494534e+26
5.89103954e+02 -9.44033668e+26
5.89107249e+02 -4.25749474e+26
5.89110544e+02 -7.18400461e+26
5.89113839e+02 -3.01488539e+26
5.89117135e+02 -6.38563500e+26
5.89120430e+02 -2.20825406e+27
5.89123725e+02 -2.17763575e+27
5.89127020e+02 -1.92107109e+27
5.89130315e+02 -1.45809077e+27
5.89133610e+02 2.72121794e+26
5.89136905e+02 1.77392106e+27
5.89140200e+02 1.28604418e+27
5.89143496e+02 8.69302841e+26
5.89146791e+02 1.07252698e+27
5.89150086e+02 2.20611805e+27
5.89153381e+02 7.06156781e+26
5.89156676e+02 1.94503998e+27
5.89159971e+02 6.55766530e+26
5.89163266e+02 -2.89709678e+26
5.89166561e+02 -8.55047538e+26
5.89169856e+02 -1.33352064e+27
5.89173152e+02 -1.67211138e+27
5.89176447e+02 -1.01906688e+27
5.89179742e+02 1.02995071e+27
5.89183037e+02 8.92963936e+26
5.89186332e+02 7.07975587e+26
5.89189627e+02 -1.94150823e+27
5.89192922e+02 3.34529650e+26
5.89196217e+02 -7.50952097e+26
5.89199513e+02 -2.61482776e+27
5.89202808e+02 -5.81454414e+26
5.89206103e+02 -3.92834278e+27
5.89209398e+02 -5.73801351e+27
5.89212693e+02 -6.43741052e+27
5.89215988e+02 -7.47451846e+27
5.89219283e+02 -7.79859751e+27
5.89222578e+02 -5.92270572e+27
5.89225873e+02 1.86511530e+27
5.89229169e+02 1.69452555e+28
5.89232464e+02 4.30669322e+28
5.89235759e+02 6.98109205e+28
5.89239054e+02 8.21689895e+28
5.89242349e+02 6.97983774e+28
5.89245644e+02 3.88584691e+28
5.89248939e+02 1.42194248e+28
5.89252234e+02 3.38833130e+27
5.89255530e+02 2.37174940e+27
5.89258825e+02 2.17100402e+27
5.89262120e+02 1.33288175e+27
5.89265415e+02 9.27683674e+26
5.89268710e+02 -1.42390496e+26
5.89272005e+02 -7.97508751e+26
5.89275300e+02 -3.17734123e+27
5.89278595e+02 -1.13813062e+27
5.89281890e+02 -1.35955901e+27
5.89285186e+02 -1.08838197e+27
5.89288481e+02 -2.79912109e+26
5.89291776e+02 2.26097222e+25
5.89295071e+02 8.78514518e+26
5.89298366e+02 3.15954068e+26
5.89301661e+02 -4.55261501e+26
5.89304956e+02 -7.00179567e+26
5.89308251e+02 5.64500798e+26
5.89311547e+02 8.91915661e+26
5.89314842e+02 -1.15379823e+27
5.89318137e+02 4.18761188e+26
5.89321432e+02 5.56746504e+26
5.89324727e+02 -1.32989174e+27
5.89328022e+02 -1.20043051e+26
5.89331317e+02 -2.90340053e+27
5.89334612e+02 -2.04024770e+27
5.89337907e+02 1.44850746e+27
5.89341203e+02 -6.34280289e+26
5.89344498e+02 -2.13886636e+27
5.89347793e+02 -2.59821147e+26
5.89351088e+02 5.27026083e+26
5.89354383e+02 -5.06749681e+26
5.89357678e+02 -2.28465743e+26
5.89360973e+02 -3.68546212e+26
5.89364268e+02 -2.24188484e+26
5.89367564e+02 -1.40414172e+27
5.89370859e+02 -8.52588465e+26
5.89374154e+02 -4.42101009e+26
5.89377449e+02 -8.15687342e+26
5.89380744e+02 -4.56167522e+26
5.89384039e+02 -3.79782862e+26
5.89387334e+02 2.55978350e+26
5.89390629e+02 -4.87641564e+26
5.89393924e+02 -5.30260261e+26
5.89397220e+02 -9.24431589e+26
5.89400515e+02 -2.23455055e+27
5.89403810e+02 -2.99006522e+27
5.89407105e+02 -2.19585197e+27
5.89410400e+02 -7.23732244e+25
5.89413695e+02 -1.28012296e+27
5.89416990e+02 -3.29514425e+26
5.89420285e+02 5.41975553e+26
5.89423581e+02 -8.17869888e+26
5.89426876e+02 -5.95581665e+26
5.89430171e+02 -6.35181548e+26
5.89433466e+02 -6.55406648e+25
5.89436761e+02 -9.68601114e+26
5.89440056e+02 -2.11411939e+25
5.89443351e+02 -1.76750515e+27
5.89446646e+02 -2.07384598e+27
5.89449941e+02 -6.10386360e+26
5.89453237e+02 -1.77003156e+27
5.89456532e+02 -8.69034514e+26
5.89459827e+02 -1.06733184e+27
5.89463122e+02 -8.65358730e+26
5.89466417e+02 -1.98415633e+27
5.89469712e+02 -1.18237645e+27
5.89473007e+02 -3.36555897e+26
5.89476302e+02 1.18760278e+27
5.89479598e+02 1.19076028e+27
5.89482893e+02 1.03365968e+27
5.89486188e+02 7.96352041e+26
5.89489483e+02 1.49481304e+27
5.89492778e+02 -1.28214866e+27
5.89496073e+02 -7.46686426e+26
5.89499368e+02 -2.11447596e+27
5.89502663e+02 -1.99146808e+27
5.89505959e+02 -2.87816834e+27
5.89509254e+02 -6.88806509e+27
5.89512549e+02 -9.00505732e+27
5.89515844e+02 -6.84327811e+27
5.89519139e+02 -3.12255101e+27
5.89522434e+02 -1.76286929e+26
5.89525729e+02 2.97941076e+27
5.89529024e+02 3.32102383e+27
5.89532319e+02 3.19262398e+27
5.89535615e+02 1.42196054e+27
5.89538910e+02 1.00693755e+27
5.89542205e+02 4.86716546e+26
5.89545500e+02 -1.12135079e+27
5.89548795e+02 -5.47691051e+26
5.89552090e+02 -2.97745697e+27
5.89555385e+02 -1.08588177e+27
5.89558680e+02 -1.57417266e+27
5.89561976e+02 -2.14440138e+27
5.89565271e+02 -2.08896605e+27
5.89568566e+02 -1.99810822e+27
5.89571861e+02 -1.53905730e+27
5.89575156e+02 -8.85806749e+26
5.89578451e+02 -2.15987420e+27
5.89581746e+02 -1.70033057e+27
5.89585041e+02 -1.97609953e+27
5.89588336e+02 -1.26072403e+27
5.89591632e+02 -2.09232863e+26
5.89594927e+02 -2.14881781e+27
5.89598222e+02 -1.60011839e+27
5.89601517e+02 -2.04941168e+27
5.89604812e+02 -3.40122939e+27
5.89608107e+02 -2.41451084e+27
5.89611402e+02 -1.02321719e+27
5.89614697e+02 -2.61922109e+26
5.89617993e+02 -1.44577812e+27
5.89621288e+02 -9.40378777e+26
5.89624583e+02 -2.14299743e+27
5.89627878e+02 -8.11941731e+26
5.89631173e+02 -8.00704086e+26
5.89634468e+02 -2.37896624e+27
5.89637763e+02 -1.73764747e+27
5.89641058e+02 -1.03479296e+27
5.89644353e+02 -2.57531899e+27
5.89647649e+02 -1.20446574e+27
5.89650944e+02 -9.41475565e+26
5.89654239e+02 -2.15221180e+27
5.89657534e+02 -2.29984479e+27
5.89660829e+02 -2.11699220e+27
5.89664124e+02 -2.89262589e+27
5.89667419e+02 -2.13664417e+27
5.89670714e+02 -8.98333329e+26
5.89674010e+02 -3.45408974e+25
5.89677305e+02 -9.16398919e+26
5.89680600e+02 -1.11015988e+27
5.89683895e+02 -1.62373653e+27
5.89687190e+02 -9.35240334e+26
5.89690485e+02 -1.71407136e+27
5.89693780e+02 -1.98519346e+27
5.89697075e+02 -1.41732953e+27
5.89700370e+02 -2.83556745e+27
5.89703666e+02 -2.66250941e+27
5.89706961e+02 -3.34856434e+27
5.89710256e+02 -2.27803629e+27
5.89713551e+02 -1.94268548e+27
5.89716846e+02 -2.11482512e+27
5.89720141e+02 -1.85418125e+27
5.89723436e+02 -1.61801465e+27
5.89726731e+02 -6.03008329e+26
5.89730027e+02 -2.17001134e+27
5.89733322e+02 -1.61838783e+27
5.89736617e+02 -1.87801572e+27
5.89739912e+02 -1.74154087e+27
5.89743207e+02 -2.51757321e+26
5.89746502e+02 -2.32335332e+27
5.89749797e+02 -5.99782754e+26
5.89753092e+02 -2.55739114e+26
5.89756387e+02 -8.88484416e+25
5.89759683e+02 -6.49153146e+26
5.89762978e+02 9.31285701e+26
5.89766273e+02 7.99066026e+26
5.89769568e+02 1.38537441e+26
5.89772863e+02 4.87128938e+26
5.89776158e+02 2.81088942e+26
5.89779453e+02 5.11833997e+25
5.89782748e+02 -1.34117506e+26
5.89786044e+02 1.49140575e+26
5.89789339e+02 -1.35727782e+27
5.89792634e+02 -7.16364692e+26
5.89795929e+02 -1.01708225e+27
5.89799224e+02 -2.38744066e+27
5.89802519e+02 -2.46422691e+27
5.89805814e+02 -2.57636169e+27
5.89809109e+02 -4.60392700e+27
5.89812404e+02 -8.38349216e+27
5.89815700e+02 -7.30270702e+27
5.89818995e+02 -6.99438354e+27
5.89822290e+02 -2.08114564e+27
5.89825585e+02 7.41599400e+27
5.89828880e+02 2.29107414e+28
5.89832175e+02 4.28207775e+28
5.89835470e+02 5.88756439e+28
5.89838765e+02 5.97826928e+28
5.89842061e+02 4.40714018e+28
5.89845356e+02 2.12944302e+28
5.89848651e+02 7.49303760e+27
5.89851946e+02 3.75382773e+27
5.89855241e+02 1.27082291e+27
5.89858536e+02 2.50422829e+27
5.89861831e+02 2.25421591e+27
5.89865126e+02 1.54077130e+27
5.89868421e+02 5.50946921e+26
5.89871717e+02 1.12186636e+26
5.89875012e+02 -1.60846257e+27
5.89878307e+02 -7.37570466e+26
5.89881602e+02 -1.98996214e+27
5.89884897e+02 -3.66321638e+26
5.89888192e+02 -5.09121414e+26
5.89891487e+02 2.00900433e+26
5.89894782e+02 -5.32382415e+26
5.89898078e+02 -5.58496437e+26
5.89901373e+02 5.00973139e+26
5.89904668e+02 -2.90962362e+27
5.89907963e+02 -1.74176395e+27
5.89911258e+02 -2.09367497e+27
5.89914553e+02 -1.82213085e+27
5.89917848e+02 -1.76381151e+26
5.89921143e+02 -1.27674449e+27
5.89924438e+02 -2.83022015e+26
5.89927734e+02 -1.19024304e+27
5.89931029e+02 -3.29346457e+26
5.89934324e+02 -8.35173035e+25
5.89937619e+02 -1.06854742e+27
5.89940914e+02 -4.05749542e+26
5.89944209e+02 -2.95743246e+27
5.89947504e+02 -2.98395902e+27
5.89950799e+02 -1.15381018e+27
5.89954095e+02 -1.31530484e+27
5.89957390e+02 -2.56879805e+26
5.89960685e+02 -5.13939656e+26
5.89963980e+02 -5.77158178e+25
5.89967275e+02 1.85467734e+27
5.89970570e+02 1.12158515e+27
5.89973865e+02 -6.30952842e+26
5.89977160e+02 -3.31382849e+27
5.89980455e+02 -2.79301436e+27
5.89983751e+02 -1.64093648e+27
5.89987046e+02 -1.34581872e+27
5.89990341e+02 1.42161471e+27
5.89993636e+02 3.27342808e+27
5.89996931e+02 7.73737716e+26
5.90000226e+02 1.60182661e+27
5.90003521e+02 2.98245439e+26
5.90006816e+02 -4.41100688e+26
5.90010112e+02 -6.40677346e+26
5.90013407e+02 -4.88941254e+26
5.90016702e+02 1.09695588e+27
5.90019997e+02 -7.46524494e+26
5.90023292e+02 -5.33524748e+26
5.90026587e+02 -1.11671665e+27
5.90029882e+02 -1.24309327e+27
5.90033177e+02 1.24633626e+26
5.90036472e+02 3.40149913e+26
5.90039768e+02 -1.78603458e+27
5.90043063e+02 -2.90354444e+27
5.90046358e+02 -1.76684480e+27
5.90049653e+02 -1.34224631e+27
5.90052948e+02 -1.64047500e+27
5.90056243e+02 -2.22720311e+27
5.90059538e+02 -8.79788753e+26
5.90062833e+02 -2.13225370e+27
5.90066129e+02 -1.68872449e+27
5.90069424e+02 -1.37094185e+27
5.90072719e+02 5.74610313e+26
5.90076014e+02 1.94919200e+27
5.90079309e+02 -1.87299563e+26
5.90082604e+02 -1.00813888e+25
5.90085899e+02 2.46426150e+26
5.90089194e+02 4.55252391e+26
5.90092489e+02 1.01373068e+27
5.90095785e+02 -2.96297801e+27
5.90099080e+02 -2.49940112e+27
5.90102375e+02 -2.52481066e+27
5.90105670e+02 -2.64408829e+27
5.90108965e+02 -8.68888766e+26
5.90112260e+02 -1.63176096e+27
5.90115555e+02 -1.19634301e+27
5.90118850e+02 -2.52369462e+27
5.90122146e+02 -1.92837463e+27
5.90125441e+02 -1.84662720e+27
5.90128736e+02 -1.15382484e+27
5.90132031e+02 -4.68270856e+26
5.90135326e+02 -3.93137180e+26
5.90138621e+02 5.72602039e+26
5.90141916e+02 1.70813493e+27
5.90145211e+02 3.67826408e+26
5.90148506e+02 -3.49098139e+26
5.90151802e+02 -1.43021636e+27
5.90155097e+02 -3.42939349e+27
5.90158392e+02 -2.97734445e+27
5.90161687e+02 -3.60409420e+27
5.90164982e+02 -1.42822947e+27
5.90168277e+02 2.60118786e+26
5.90171572e+02 -4.70551922e+26
5.90174867e+02 -1.77156178e+26
5.90178163e+02 1.43097075e+27
5.90181458e+02 2.79859553e+27
5.90184753e+02 3.52040774e+27
5.90188048e+02 2.01604580e+27
5.90191343e+02 6.02207925e+26
5.90194638e+02 9.31188362e+26
5.90197933e+02 -1.11149153e+26
5.90201228e+02 -1.92099555e+26
5.90204523e+02 -1.24935847e+27
5.90207819e+02 -6.67316721e+26
5.90211114e+02 -4.62243825e+26
5.90214409e+02 -2.50747571e+27
5.90217704e+02 -1.04474649e+27
5.90220999e+02 5.27226665e+26
5.90224294e+02 -1.71136846e+26
5.90227589e+02 -1.05872989e+27
5.90230884e+02 -2.33694563e+27
5.90234180e+02 -6.68361909e+26
5.90237475e+02 -9.59168504e+26
5.90240770e+02 -7.09412032e+26
5.90244065e+02 -1.14105225e+27
5.90247360e+02 -2.06841266e+27
5.90250655e+02 -2.25803129e+27
5.90253950e+02 -3.03834878e+27
5.90257245e+02 -2.07667001e+27
5.90260540e+02 -1.50365481e+27
5.90263836e+02 -1.01752710e+27
5.90267131e+02 -8.71529832e+26
5.90270426e+02 -2.09104739e+27
5.90273721e+02 -2.99181526e+26
5.90277016e+02 4.55477277e+26
5.90280311e+02 5.10163261e+24
5.90283606e+02 -6.72640157e+26
5.90286901e+02 -1.21839030e+27
5.90290197e+02 1.76386987e+27
5.90293492e+02 1.85435115e+27
5.90296787e+02 1.30763816e+27
5.90300082e+02 8.61980800e+25
5.90303377e+02 8.34197854e+25
5.90306672e+02 -1.11046697e+27
5.90309967e+02 -3.53320898e+27
5.90313262e+02 -2.19137682e+27
5.90316557e+02 -1.30133317e+27
5.90319853e+02 1.04672240e+27
5.90323148e+02 1.17900840e+27
5.90326443e+02 2.34602099e+27
5.90329738e+02 2.16951360e+27
5.90333033e+02 2.11187147e+27
5.90336328e+02 3.96503898e+26
5.90339623e+02 -1.88085462e+26
5.90342918e+02 -1.17096175e+26
5.90346214e+02 -1.52689132e+27
5.90349509e+02 3.21447308e+26
5.90352804e+02 3.11292574e+26
5.90356099e+02 -1.87720432e+26
5.90359394e+02 -7.56024199e+26
5.90362689e+02 -1.48228343e+27
5.90365984e+02 -1.77844928e+27
5.90369279e+02 -1.49388024e+27
5.90372574e+02 -8.99939418e+26
5.90375870e+02 -2.56403716e+27
5.90379165e+02 -2.22998096e+27
5.90382460e+02 -1.45443025e+27
5.90385755e+02 -1.95452089e+27
5.90389050e+02 -1.39273730e+27
5.90392345e+02 -4.72422359e+26
5.90395640e+02 2.47356191e+26
5.90398935e+02 -5.21464402e+26
5.90402231e+02 -9.52554738e+26
5.90405526e+02 1.95725569e+26
5.90408821e+02 -1.28487001e+26
5.90412116e+02 -2.76735473e+26
5.90415411e+02 -4.71282622e+26
