Wavelength(nm) Intensity
5.89097364e+02 2.76979563e+04
5.89100659e+02 2.74443167e+04
5.89103954e+02 2.74192021e+04
5.89107249e+02 2.78148505e+04
5.89110544e+02 2.69086361e+04
5.89113839e+02 2.69556046e+04
5.89117135e+02 2.67666144e+04
5.89120430e+02 2.56683430e+04
5.89123725e+02 2.47269360e+04
5.89127020e+02 2.41545333e+04
5.89130315e+02 2.41017120e+04
5.89133610e+02 2.50510277e+04
5.89136905e+02 2.59761558e+04
5.89140200e+02 2.65361387e+04
5.89143496e+02 2.64151188e+04
5.89146791e+02 2.57018082e+04
5.89150086e+02 2.55142724e+04
5.89153381e+02 2.58747626e+04
5.89156676e+02 2.54530596e+04
5.89159971e+02 2.51283345e+04
5.89163266e+02 2.44395104e+04
5.89166561e+02 2.36582647e+04
5.89169856e+02 2.28168403e+04
5.89173152e+02 2.24156924e+04
5.89176447e+02 2.23746776e+04
5.89179742e+02 2.21821595e+04
5.89183037e+02 2.25128830e+04
5.89186332e+02 2.19634151e+04
5.89189627e+02 2.15700635e+04
5.89192922e+02 2.12746118e+04
5.89196217e+02 2.04026033e+04
5.89199513e+02 1.96891676e+04
5.89202808e+02 1.87483863e+04
5.89206103e+02 1.82380411e+04
5.89209398e+02 1.73846108e+04
5.89212693e+02 1.61263949e+04
5.89215988e+02 1.53964483e+04
5.89219283e+02 1.39687557e+04
5.89222578e+02 1.22759625e+04
5.89225873e+02 1.03336522e+04
5.89229169e+02 7.92241338e+03
5.89232464e+02 6.15105120e+03
5.89235759e+02 4.65082886e+03
5.89239054e+02 3.47138613e+03
5.89242349e+02 5.11194312e+03
5.89245644e+02 9.04069675e+03
5.89248939e+02 1.17492136e+04
5.89252234e+02 1.34962766e+04
5.89255530e+02 1.25564948e+04
5.89258825e+02 1.20911268e+04
5.89262120e+02 1.29980949e+04
5.89265415e+02 1.39700813e+04
5.89268710e+02 1.57480426e+04
5.89272005e+02 1.63126338e+04
5.89275300e+02 1.70253895e+04
5.89278595e+02 1.80926556e+04
5.89281890e+02 1.90262331e+04
5.89285186e+02 2.01711239e+04
5.89288481e+02 2.07586990e+04
5.89291776e+02 2.07279345e+04
5.89295071e+02 2.13633999e+04
5.89298366e+02 2.16481342e+04
5.89301661e+02 2.19871297e+04
5.89304956e+02 2.30439088e+04
5.89308251e+02 2.27266297e+04
5.89311547e+02 2.33681701e+04
5.89314842e+02 2.31812515e+04
5.89318137e+02 2.34900804e+04
5.89321432e+02 2.36055443e+04
5.89324727e+02 2.26917251e+04
5.89328022e+02 2.25040216e+04
5.89331317e+02 2.25913548e+04
5.89334612e+02 2.38692367e+04
5.89337907e+02 2.55419641e+04
5.89341203e+02 2.54824161e+04
5.89344498e+02 2.61073666e+04
5.89347793e+02 2.61939709e+04
5.89351088e+02 2.64958994e+04
5.89354383e+02 2.62594096e+04
5.89357678e+02 2.51226993e+04
5.89360973e+02 2.52168197e+04
5.89364268e+02 2.43321781e+04
5.89367564e+02 2.49325021e+04
5.89370859e+02 2.58104917e+04
5.89374154e+02 2.62304321e+04
5.89377449e+02 2.71224148e+04
5.89380744e+02 2.79297764e+04
5.89384039e+02 2.75613260e+04
5.89387334e+02 2.71967861e+04
5.89390629e+02 2.75536750e+04
5.89393924e+02 2.64232656e+04
5.89397220e+02 2.58687615e+04
5.89400515e+02 2.53567089e+04
5.89403810e+02 2.51594554e+04
5.89407105e+02 2.57699748e+04
5.89410400e+02 2.65923635e+04
5.89413695e+02 2.80037242e+04
5.89416990e+02 2.80912302e+04
5.89420285e+02 2.79079629e+04
5.89423581e+02 2.73866859e+04
5.89426876e+02 2.71663328e+04
5.89430171e+02 2.71828321e+04
5.89433466e+02 2.70148568e+04
5.89436761e+02 2.70687931e+04
5.89440056e+02 2.74314765e+04
5.89443351e+02 2.75513129e+04
5.89446646e+02 2.78860096e+04
5.89449941e+02 2.79759285e+04
5.89453237e+02 2.79938664e+04
5.89456532e+02 2.79166694e+04
5.89459827e+02 2.78882900e+04
5.89463122e+02 2.71739379e+04
5.89466417e+02 2.61371786e+04
5.89469712e+02 2.67929438e+04
5.89473007e+02 2.77808147e+04
5.89476302e+02 2.76948297e+04
5.89479598e+02 2.78147566e+04
5.89482893e+02 2.83288237e+04
5.89486188e+02 2.83678550e+04
5.89489483e+02 2.76737408e+04
5.89492778e+02 2.80885235e+04
5.89496073e+02 2.82209177e+04
5.89499368e+02 2.78132244e+04
5.89502663e+02 2.75923188e+04
5.89505959e+02 2.66186714e+04
5.89509254e+02 2.63868288e+04
5.89512549e+02 2.39408231e+04
5.89515844e+02 2.26745387e+04
5.89519139e+02 2.26552633e+04
5.89522434e+02 2.21162734e+04
5.89525729e+02 2.04594340e+04
5.89529024e+02 1.86366552e+04
5.89532319e+02 1.66565679e+04
5.89535615e+02 1.73203199e+04
5.89538910e+02 1.92736019e+04
5.89542205e+02 2.20510872e+04
5.89545500e+02 2.50261236e+04
5.89548795e+02 2.74057420e+04
5.89552090e+02 2.77129321e+04
5.89555385e+02 2.83736688e+04
5.89558680e+02 2.90520741e+04
5.89561976e+02 2.81597428e+04
5.89565271e+02 2.83623412e+04
5.89568566e+02 2.86909670e+04
5.89571861e+02 2.79079163e+04
5.89575156e+02 2.84105979e+04
5.89578451e+02 2.86936676e+04
5.89581746e+02 2.88320410e+04
5.89585041e+02 2.83072896e+04
5.89588336e+02 2.85709982e+04
5.89591632e+02 2.89255273e+04
5.89594927e+02 2.86505383e+04
5.89598222e+02 2.82009509e+04
5.89601517e+02 2.74346105e+04
5.89604812e+02 2.75937661e+04
5.89608107e+02 2.79445349e+04
5.89611402e+02 2.83344264e+04
5.89614697e+02 2.80852747e+04
5.89617993e+02 2.83662329e+04
5.89621288e+02 2.85341627e+04
5.89624583e+02 2.80936249e+04
5.89627878e+02 2.88899567e+04
5.89631173e+02 2.87447909e+04
5.89634468e+02 2.86885019e+04
5.89637763e+02 2.83015400e+04
5.89641058e+02 2.85879114e+04
5.89644353e+02 2.82072266e+04
5.89647649e+02 2.79989253e+04
5.89650944e+02 2.86203675e+04
5.89654239e+02 2.78707611e+04
5.89657534e+02 2.82407740e+04
5.89660829e+02 2.75058052e+04
5.89664124e+02 2.74929394e+04
5.89667419e+02 2.81933452e+04
5.89670714e+02 2.77510392e+04
5.89674010e+02 2.79743042e+04
5.89677305e+02 2.80145515e+04
5.89680600e+02 2.73643443e+04
5.89683895e+02 2.78915060e+04
5.89687190e+02 2.85183539e+04
5.89690485e+02 2.82157978e+04
5.89693780e+02 2.82389719e+04
5.89697075e+02 2.86721199e+04
5.89700370e+02 2.82066134e+04
5.89703666e+02 2.83671805e+04
5.89706961e+02 2.82885121e+04
5.89710256e+02 2.81824245e+04
5.89713551e+02 2.84620993e+04
5.89716846e+02 2.77422374e+04
5.89720141e+02 2.79569835e+04
5.89723436e+02 2.79893674e+04
5.89726731e+02 2.81530333e+04
5.89730027e+02 2.75390218e+04
5.89733322e+02 2.76952036e+04
5.89736617e+02 2.75392120e+04
5.89739912e+02 2.68172696e+04
5.89743207e+02 2.76217678e+04
5.89746502e+02 2.73684308e+04
5.89749797e+02 2.70331959e+04
5.89753092e+02 2.64140881e+04
5.89756387e+02 2.64794605e+04
5.89759683e+02 2.68536477e+04
5.89762978e+02 2.67729925e+04
5.89766273e+02 2.66500461e+04
5.89769568e+02 2.64642550e+04
5.89772863e+02 2.65375023e+04
5.89776158e+02 2.62405675e+04
5.89779453e+02 2.58347904e+04
5.89782748e+02 2.54077793e+04
5.89786044e+02 2.49133810e+04
5.89789339e+02 2.45854771e+04
5.89792634e+02 2.41588129e+04
5.89795929e+02 2.33310029e+04
5.89799224e+02 2.23053736e+04
5.89802519e+02 2.12882225e+04
5.89805814e+02 1.96894129e+04
5.89809109e+02 1.83955842e+04
5.89812404e+02 1.68845134e+04
5.89815700e+02 1.63197441e+04
5.89818995e+02 1.51763504e+04
5.89822290e+02 1.37413242e+04
5.89825585e+02 1.17882158e+04
5.89828880e+02 8.66326704e+03
5.89832175e+02 5.97830943e+03
5.89835470e+02 4.42047439e+03
5.89838765e+02 4.31644922e+03
5.89842061e+02 5.55284758e+03
5.89845356e+02 7.53147757e+03
5.89848651e+02 1.08505673e+04
5.89851946e+02 1.23620451e+04
5.89855241e+02 1.29574225e+04
5.89858536e+02 1.42783861e+04
5.89861831e+02 1.59779912e+04
5.89865126e+02 1.74404643e+04
5.89868421e+02 1.89536695e+04
5.89871717e+02 1.99778714e+04
5.89875012e+02 2.11670141e+04
5.89878307e+02 2.18658408e+04
5.89881602e+02 2.24717870e+04
5.89884897e+02 2.33913219e+04
5.89888192e+02 2.35257056e+04
5.89891487e+02 2.37968051e+04
5.89894782e+02 2.47434787e+04
5.89898078e+02 2.46466357e+04
5.89901373e+02 2.51361661e+04
5.89904668e+02 2.51025534e+04
5.89907963e+02 2.51564121e+04
5.89911258e+02 2.52668995e+04
5.89914553e+02 2.55194972e+04
5.89917848e+02 2.63385674e+04
5.89921143e+02 2.67131364e+04
5.89924438e+02 2.68389328e+04
5.89927734e+02 2.68296961e+04
5.89931029e+02 2.69965364e+04
5.89934324e+02 2.73235458e+04
5.89937619e+02 2.69116040e+04
5.89940914e+02 2.71383456e+04
5.89944209e+02 2.73518134e+04
5.89947504e+02 2.71920661e+04
5.89950799e+02 2.72170351e+04
5.89954095e+02 2.69337335e+04
5.89957390e+02 2.70661491e+04
5.89960685e+02 2.64900249e+04
5.89963980e+02 2.63033117e+04
5.89967275e+02 2.62800363e+04
5.89970570e+02 2.57201574e+04
5.89973865e+02 2.44249981e+04
5.89977160e+02 2.34550823e+04
5.89980455e+02 2.32563279e+04
5.89983751e+02 2.39597295e+04
5.89987046e+02 2.51666726e+04
5.89990341e+02 2.68537789e+04
5.89993636e+02 2.74677016e+04
5.89996931e+02 2.77231435e+04
5.90000226e+02 2.75240843e+04
5.90003521e+02 2.80089609e+04
5.90006816e+02 2.74107817e+04
5.90010112e+02 2.81819900e+04
5.90013407e+02 2.84911819e+04
5.90016702e+02 2.84985772e+04
5.90019997e+02 2.83574050e+04
5.90023292e+02 2.82958323e+04
5.90026587e+02 2.81671941e+04
5.90029882e+02 2.83557467e+04
5.90033177e+02 2.86081811e+04
5.90036472e+02 2.87487230e+04
5.90039768e+02 2.80215743e+04
5.90043063e+02 2.83097471e+04
5.90046358e+02 2.84389506e+04
5.90049653e+02 2.88517408e+04
5.90052948e+02 2.80449148e+04
5.90056243e+02 2.70791858e+04
5.90059538e+02 2.65143277e+04
5.90062833e+02 2.60278308e+04
5.90066129e+02 2.50593775e+04
5.90069424e+02 2.44074006e+04
5.90072719e+02 2.57157279e+04
5.90076014e+02 2.67054179e+04
5.90079309e+02 2.78886042e+04
5.90082604e+02 2.82168850e+04
5.90085899e+02 2.83335760e+04
5.90089194e+02 2.85615303e+04
5.90092489e+02 2.85145319e+04
5.90095785e+02 2.87705258e+04
5.90099080e+02 2.87937477e+04
5.90102375e+02 2.89476149e+04
5.90105670e+02 2.91196622e+04
5.90108965e+02 2.89912020e+04
5.90112260e+02 2.88304332e+04
5.90115555e+02 2.84333474e+04
5.90118850e+02 2.87985609e+04
5.90122146e+02 2.93154047e+04
5.90125441e+02 2.85203068e+04
5.90128736e+02 2.92094958e+04
5.90132031e+02 2.87124522e+04
5.90135326e+02 2.89282186e+04
5.90138621e+02 2.85784541e+04
5.90141916e+02 2.84111396e+04
5.90145211e+02 2.80665399e+04
5.90148506e+02 2.75542006e+04
5.90151802e+02 2.66928414e+04
5.90155097e+02 2.58158327e+04
5.90158392e+02 2.51563602e+04
5.90161687e+02 2.51145672e+04
5.90164982e+02 2.35785643e+04
5.90168277e+02 2.23356306e+04
5.90171572e+02 2.20326222e+04
5.90174867e+02 2.14497639e+04
5.90178163e+02 2.22488465e+04
5.90181458e+02 2.26293264e+04
5.90184753e+02 2.47642796e+04
5.90188048e+02 2.59426887e+04
5.90191343e+02 2.66117731e+04
5.90194638e+02 2.62714877e+04
5.90197933e+02 2.63309771e+04
5.90201228e+02 2.55798874e+04
5.90204523e+02 2.61831523e+04
5.90207819e+02 2.63599902e+04
5.90211114e+02 2.71866981e+04
5.90214409e+02 2.75934835e+04
5.90217704e+02 2.81952102e+04
5.90220999e+02 2.86299052e+04
5.90224294e+02 2.86161167e+04
5.90227589e+02 2.86077639e+04
5.90230884e+02 2.86798327e+04
5.90234180e+02 2.86877120e+04
5.90237475e+02 2.85718551e+04
5.90240770e+02 2.88252994e+04
5.90244065e+02 2.89456201e+04
5.90247360e+02 2.88954747e+04
5.90250655e+02 2.83675245e+04
5.90253950e+02 2.83098715e+04
5.90257245e+02 2.84986788e+04
5.90260540e+02 2.84481065e+04
5.90263836e+02 2.87969541e+04
5.90267131e+02 2.88442948e+04
5.90270426e+02 2.88953114e+04
5.90273721e+02 2.86739895e+04
5.90277016e+02 2.89953643e+04
5.90280311e+02 2.83635542e+04
5.90283606e+02 2.89663277e+04
5.90286901e+02 2.81989292e+04
5.90290197e+02 2.82217890e+04
5.90293492e+02 2.78984675e+04
5.90296787e+02 2.79982698e+04
5.90300082e+02 2.77432014e+04
5.90303377e+02 2.68114862e+04
5.90306672e+02 2.52190986e+04
5.90309967e+02 2.35766229e+04
5.90313262e+02 2.34506927e+04
5.90316557e+02 2.49483357e+04
5.90319853e+02 2.69090264e+04
5.90323148e+02 2.79226208e+04
5.90326443e+02 2.89288581e+04
5.90329738e+02 2.91375310e+04
5.90333033e+02 2.87681056e+04
5.90336328e+02 2.89612764e+04
5.90339623e+02 2.89825301e+04
5.90342918e+02 2.90445380e+04
5.90346214e+02 2.88228324e+04
5.90349509e+02 2.92493794e+04
5.90352804e+02 2.87840284e+04
5.90356099e+02 2.90979942e+04
5.90359394e+02 2.90315772e+04
5.90362689e+02 2.86475243e+04
5.90365984e+02 2.87631300e+04
5.90369279e+02 2.83159468e+04
5.90372574e+02 2.83144799e+04
5.90375870e+02 2.76597500e+04
5.90379165e+02 2.78873447e+04
5.90382460e+02 2.78896645e+04
5.90385755e+02 2.79126145e+04
5.90389050e+02 2.81645424e+04
5.90392345e+02 2.77252400e+04
5.90395640e+02 2.76889108e+04
5.90398935e+02 2.75143858e+04
5.90402231e+02 2.76829800e+04
5.90405526e+02 2.78757178e+04
5.90408821e+02 2.77477542e+04
5.90412116e+02 2.79824147e+04
5.90415411e+02 2.86015500e+04
