Wavelength(nm) Intensity
5.89097364e+02 2.45926914e+04
5.89100659e+02 2.45619214e+04
5.89103954e+02 2.44536420e+04
5.89107249e+02 2.46665843e+04
5.89110544e+02 2.38348196e+04
5.89113839e+02 2.41116782e+04
5.89117135e+02 2.39976789e+04
5.89120430e+02 2.28083238e+04
5.89123725e+02 2.18205695e+04
5.89127020e+02 2.08413994e+04
5.89130315e+02 2.12726360e+04
5.89133610e+02 2.22378713e+04
5.89136905e+02 2.30852546e+04
5.89140200e+02 2.28074537e+04
5.89143496e+02 2.30125240e+04
5.89146791e+02 2.32422233e+04
5.89150086e+02 2.29020680e+04
5.89153381e+02 2.24418747e+04
5.89156676e+02 2.23447194e+04
5.89159971e+02 2.22985393e+04
5.89163266e+02 2.18559001e+04
5.89166561e+02 2.07487820e+04
5.89169856e+02 2.01920764e+04
5.89173152e+02 1.98266524e+04
5.89176447e+02 1.97462162e+04
5.89179742e+02 1.98080268e+04
5.89183037e+02 2.02804528e+04
5.89186332e+02 1.96489429e+04
5.89189627e+02 1.90623413e+04
5.89192922e+02 1.86136234e+04
5.89196217e+02 1.80406402e+04
5.89199513e+02 1.81229180e+04
5.89202808e+02 1.70002079e+04
5.89206103e+02 1.61429984e+04
5.89209398e+02 1.58297309e+04
5.89212693e+02 1.47556152e+04
5.89215988e+02 1.37121865e+04
5.89219283e+02 1.25174546e+04
5.89222578e+02 1.16465142e+04
5.89225873e+02 9.66364680e+03
5.89229169e+02 7.75198037e+03
5.89232464e+02 5.76124708e+03
5.89235759e+02 3.92054704e+03
5.89239054e+02 3.40125411e+03
5.89242349e+02 4.78211687e+03
5.89245644e+02 7.22332576e+03
5.89248939e+02 1.01649172e+04
5.89252234e+02 1.15628190e+04
5.89255530e+02 1.11927765e+04
5.89258825e+02 1.06178510e+04
5.89262120e+02 1.12653628e+04
5.89265415e+02 1.22229319e+04
5.89268710e+02 1.37403654e+04
5.89272005e+02 1.43749911e+04
5.89275300e+02 1.53117378e+04
5.89278595e+02 1.62506138e+04
5.89281890e+02 1.68847799e+04
5.89285186e+02 1.72427186e+04
5.89288481e+02 1.78906914e+04
5.89291776e+02 1.91349748e+04
5.89295071e+02 1.92426878e+04
5.89298366e+02 1.94689107e+04
5.89301661e+02 1.98252508e+04
5.89304956e+02 2.04631870e+04
5.89308251e+02 2.05624946e+04
5.89311547e+02 2.08382420e+04
5.89314842e+02 2.08548326e+04
5.89318137e+02 2.07451948e+04
5.89321432e+02 2.09660898e+04
5.89324727e+02 2.01442236e+04
5.89328022e+02 1.95776883e+04
5.89331317e+02 1.96273950e+04
5.89334612e+02 2.08838175e+04
5.89337907e+02 2.21648307e+04
5.89341203e+02 2.30521510e+04
5.89344498e+02 2.34596932e+04
5.89347793e+02 2.38345092e+04
5.89351088e+02 2.39637772e+04
5.89354383e+02 2.34998604e+04
5.89357678e+02 2.30230644e+04
5.89360973e+02 2.25198647e+04
5.89364268e+02 2.19254609e+04
5.89367564e+02 2.17494273e+04
5.89370859e+02 2.23488876e+04
5.89374154e+02 2.36395144e+04
5.89377449e+02 2.38853620e+04
5.89380744e+02 2.43014174e+04
5.89384039e+02 2.42433765e+04
5.89387334e+02 2.43057459e+04
5.89390629e+02 2.41351261e+04
5.89393924e+02 2.34957399e+04
5.89397220e+02 2.33317609e+04
5.89400515e+02 2.25503618e+04
5.89403810e+02 2.19749749e+04
5.89407105e+02 2.23551096e+04
5.89410400e+02 2.32040512e+04
5.89413695e+02 2.40789920e+04
5.89416990e+02 2.47925464e+04
5.89420285e+02 2.46689947e+04
5.89423581e+02 2.47274868e+04
5.89426876e+02 2.50431296e+04
5.89430171e+02 2.44307045e+04
5.89433466e+02 2.46291586e+04
5.89436761e+02 2.43881873e+04
5.89440056e+02 2.47604384e+04
5.89443351e+02 2.51653451e+04
5.89446646e+02 2.48538241e+04
5.89449941e+02 2.48654423e+04
5.89453237e+02 2.52879895e+04
5.89456532e+02 2.52068535e+04
5.89459827e+02 2.45857157e+04
5.89463122e+02 2.45111184e+04
5.89466417e+02 2.37159440e+04
5.89469712e+02 2.38534295e+04
5.89473007e+02 2.42516387e+04
5.89476302e+02 2.42844155e+04
5.89479598e+02 2.48164493e+04
5.89482893e+02 2.52640760e+04
5.89486188e+02 2.49093981e+04
5.89489483e+02 2.44595374e+04
5.89492778e+02 2.49743352e+04
5.89496073e+02 2.50080043e+04
5.89499368e+02 2.50070658e+04
5.89502663e+02 2.48444486e+04
5.89505959e+02 2.40832183e+04
5.89509254e+02 2.32676405e+04
5.89512549e+02 2.17247368e+04
5.89515844e+02 2.07171443e+04
5.89519139e+02 2.00198505e+04
5.89522434e+02 1.96887489e+04
5.89525729e+02 1.85778538e+04
5.89529024e+02 1.68725221e+04
5.89532319e+02 1.54780764e+04
5.89535615e+02 1.50154942e+04
5.89538910e+02 1.64691630e+04
5.89542205e+02 1.95717861e+04
5.89545500e+02 2.22948600e+04
5.89548795e+02 2.40365714e+04
5.89552090e+02 2.54357693e+04
5.89555385e+02 2.50931658e+04
5.89558680e+02 2.55075549e+04
5.89561976e+02 2.56087283e+04
5.89565271e+02 2.56539157e+04
5.89568566e+02 2.53837227e+04
5.89571861e+02 2.54633210e+04
5.89575156e+02 2.54517045e+04
5.89578451e+02 2.52963632e+04
5.89581746e+02 2.59653990e+04
5.89585041e+02 2.57727200e+04
5.89588336e+02 2.55018762e+04
5.89591632e+02 2.54418949e+04
5.89594927e+02 2.54609156e+04
5.89598222e+02 2.48168165e+04
5.89601517e+02 2.44479243e+04
5.89604812e+02 2.44208004e+04
5.89608107e+02 2.48202992e+04
5.89611402e+02 2.51306635e+04
5.89614697e+02 2.55883787e+04
5.89617993e+02 2.52699340e+04
5.89621288e+02 2.50208939e+04
5.89624583e+02 2.53030370e+04
5.89627878e+02 2.54620917e+04
5.89631173e+02 2.57084983e+04
5.89634468e+02 2.51011011e+04
5.89637763e+02 2.52574280e+04
5.89641058e+02 2.53005634e+04
5.89644353e+02 2.55623551e+04
5.89647649e+02 2.53430041e+04
5.89650944e+02 2.48226997e+04
5.89654239e+02 2.47614350e+04
5.89657534e+02 2.42816998e+04
5.89660829e+02 2.41855129e+04
5.89664124e+02 2.42629679e+04
5.89667419e+02 2.47436256e+04
5.89670714e+02 2.48038068e+04
5.89674010e+02 2.45387667e+04
5.89677305e+02 2.43554945e+04
5.89680600e+02 2.42567567e+04
5.89683895e+02 2.50749764e+04
5.89687190e+02 2.52914492e+04
5.89690485e+02 2.50755104e+04
5.89693780e+02 2.53779436e+04
5.89697075e+02 2.49205105e+04
5.89700370e+02 2.54444138e+04
5.89703666e+02 2.54999228e+04
5.89706961e+02 2.51839492e+04
5.89710256e+02 2.47493751e+04
5.89713551e+02 2.51319938e+04
5.89716846e+02 2.48610364e+04
5.89720141e+02 2.46491253e+04
5.89723436e+02 2.51050086e+04
5.89726731e+02 2.50578007e+04
5.89730027e+02 2.48723838e+04
5.89733322e+02 2.49822752e+04
5.89736617e+02 2.46114263e+04
5.89739912e+02 2.45110995e+04
5.89743207e+02 2.45473872e+04
5.89746502e+02 2.42459732e+04
5.89749797e+02 2.41245080e+04
5.89753092e+02 2.38274242e+04
5.89756387e+02 2.40014807e+04
5.89759683e+02 2.40181559e+04
5.89762978e+02 2.36797576e+04
5.89766273e+02 2.36575417e+04
5.89769568e+02 2.33824977e+04
5.89772863e+02 2.37522165e+04
5.89776158e+02 2.33729036e+04
5.89779453e+02 2.31424000e+04
5.89782748e+02 2.23565594e+04
5.89786044e+02 2.23136525e+04
5.89789339e+02 2.22404791e+04
5.89792634e+02 2.16883928e+04
5.89795929e+02 2.07847885e+04
5.89799224e+02 2.01650566e+04
5.89802519e+02 1.90697799e+04
5.89805814e+02 1.79961888e+04
5.89809109e+02 1.67428922e+04
5.89812404e+02 1.56332579e+04
5.89815700e+02 1.46487138e+04
5.89818995e+02 1.38008246e+04
5.89822290e+02 1.23563437e+04
5.89825585e+02 1.03825784e+04
5.89828880e+02 8.37786998e+03
5.89832175e+02 5.87176562e+03
5.89835470e+02 4.31155449e+03
5.89838765e+02 3.68764159e+03
5.89842061e+02 4.78700404e+03
5.89845356e+02 6.52314746e+03
5.89848651e+02 8.98226727e+03
5.89851946e+02 1.06831867e+04
5.89855241e+02 1.12094322e+04
5.89858536e+02 1.25440986e+04
5.89861831e+02 1.39446698e+04
5.89865126e+02 1.55011506e+04
5.89868421e+02 1.66296973e+04
5.89871717e+02 1.77292361e+04
5.89875012e+02 1.84865117e+04
5.89878307e+02 1.90712786e+04
5.89881602e+02 1.98673354e+04
5.89884897e+02 2.01778627e+04
5.89888192e+02 2.09326553e+04
5.89891487e+02 2.12114393e+04
5.89894782e+02 2.17689167e+04
5.89898078e+02 2.22863508e+04
5.89901373e+02 2.23643159e+04
5.89904668e+02 2.25603303e+04
5.89907963e+02 2.26478840e+04
5.89911258e+02 2.22784771e+04
5.89914553e+02 2.27116347e+04
5.89917848e+02 2.31595455e+04
5.89921143e+02 2.36738495e+04
5.89924438e+02 2.35900007e+04
5.89927734e+02 2.40811215e+04
5.89931029e+02 2.41501899e+04
5.89934324e+02 2.42076651e+04
5.89937619e+02 2.41468968e+04
5.89940914e+02 2.39415797e+04
5.89944209e+02 2.43083651e+04
5.89947504e+02 2.43371955e+04
5.89950799e+02 2.44194781e+04
5.89954095e+02 2.40693190e+04
5.89957390e+02 2.39597146e+04
5.89960685e+02 2.34983481e+04
5.89963980e+02 2.34834036e+04
5.89967275e+02 2.32619961e+04
5.89970570e+02 2.28362201e+04
5.89973865e+02 2.18991039e+04
5.89977160e+02 2.06993717e+04
5.89980455e+02 2.05537085e+04
5.89983751e+02 2.08033633e+04
5.89987046e+02 2.21105398e+04
5.89990341e+02 2.32416654e+04
5.89993636e+02 2.41765181e+04
5.89996931e+02 2.43402902e+04
5.90000226e+02 2.43845149e+04
5.90003521e+02 2.45621023e+04
5.90006816e+02 2.45438971e+04
5.90010112e+02 2.50369970e+04
5.90013407e+02 2.49746046e+04
5.90016702e+02 2.50089336e+04
5.90019997e+02 2.52424024e+04
5.90023292e+02 2.54448460e+04
5.90026587e+02 2.52319837e+04
5.90029882e+02 2.52847451e+04
5.90033177e+02 2.55672620e+04
5.90036472e+02 2.52775466e+04
5.90039768e+02 2.51416343e+04
5.90043063e+02 2.52079819e+04
5.90046358e+02 2.51747757e+04
5.90049653e+02 2.46854037e+04
5.90052948e+02 2.48293280e+04
5.90056243e+02 2.42176105e+04
5.90059538e+02 2.35794213e+04
5.90062833e+02 2.27972751e+04
5.90066129e+02 2.22027285e+04
5.90069424e+02 2.20494189e+04
5.90072719e+02 2.29367058e+04
5.90076014e+02 2.36443687e+04
5.90079309e+02 2.51019586e+04
5.90082604e+02 2.52279844e+04
5.90085899e+02 2.52732797e+04
5.90089194e+02 2.54265555e+04
5.90092489e+02 2.56598872e+04
5.90095785e+02 2.56743986e+04
5.90099080e+02 2.56075360e+04
5.90102375e+02 2.60362175e+04
5.90105670e+02 2.58818021e+04
5.90108965e+02 2.57406780e+04
5.90112260e+02 2.56336973e+04
5.90115555e+02 2.58516535e+04
5.90118850e+02 2.58985617e+04
5.90122146e+02 2.55173687e+04
5.90125441e+02 2.54934801e+04
5.90128736e+02 2.55822658e+04
5.90132031e+02 2.56512543e+04
5.90135326e+02 2.63144968e+04
5.90138621e+02 2.59343420e+04
5.90141916e+02 2.56874591e+04
5.90145211e+02 2.51866970e+04
5.90148506e+02 2.43842680e+04
5.90151802e+02 2.33337303e+04
5.90155097e+02 2.23869400e+04
5.90158392e+02 2.19023289e+04
5.90161687e+02 2.12227512e+04
5.90164982e+02 2.07088533e+04
5.90168277e+02 1.99282477e+04
5.90171572e+02 1.90507171e+04
5.90174867e+02 1.86661697e+04
5.90178163e+02 1.91868439e+04
5.90181458e+02 2.02831834e+04
5.90184753e+02 2.17732085e+04
5.90188048e+02 2.30231051e+04
5.90191343e+02 2.34530383e+04
5.90194638e+02 2.32635708e+04
5.90197933e+02 2.31587825e+04
5.90201228e+02 2.31284900e+04
5.90204523e+02 2.28047026e+04
5.90207819e+02 2.33008644e+04
5.90211114e+02 2.40035979e+04
5.90214409e+02 2.45938450e+04
5.90217704e+02 2.47679335e+04
5.90220999e+02 2.49680130e+04
5.90224294e+02 2.52408868e+04
5.90227589e+02 2.56256524e+04
5.90230884e+02 2.57739483e+04
5.90234180e+02 2.56908696e+04
5.90237475e+02 2.58490733e+04
5.90240770e+02 2.56517773e+04
5.90244065e+02 2.55887080e+04
5.90247360e+02 2.59063126e+04
5.90250655e+02 2.56424088e+04
5.90253950e+02 2.50328568e+04
5.90257245e+02 2.50734950e+04
5.90260540e+02 2.48609268e+04
5.90263836e+02 2.54001038e+04
5.90267131e+02 2.56594889e+04
5.90270426e+02 2.60353715e+04
5.90273721e+02 2.56838352e+04
5.90277016e+02 2.58659173e+04
5.90280311e+02 2.53705529e+04
5.90283606e+02 2.51645268e+04
5.90286901e+02 2.49681976e+04
5.90290197e+02 2.49890212e+04
5.90293492e+02 2.49746084e+04
5.90296787e+02 2.48886404e+04
5.90300082e+02 2.44193316e+04
5.90303377e+02 2.37773230e+04
5.90306672e+02 2.20575806e+04
5.90309967e+02 2.11171599e+04
5.90313262e+02 2.07961333e+04
5.90316557e+02 2.14629705e+04
5.90319853e+02 2.32718550e+04
5.90323148e+02 2.47238316e+04
5.90326443e+02 2.55433614e+04
5.90329738e+02 2.54622285e+04
5.90333033e+02 2.53113411e+04
5.90336328e+02 2.58492780e+04
5.90339623e+02 2.59388762e+04
5.90342918e+02 2.56056563e+04
5.90346214e+02 2.58797697e+04
5.90349509e+02 2.59203416e+04
5.90352804e+02 2.58766988e+04
5.90356099e+02 2.59254065e+04
5.90359394e+02 2.57563884e+04
5.90362689e+02 2.56661011e+04
5.90365984e+02 2.53512470e+04
5.90369279e+02 2.53271818e+04
5.90372574e+02 2.46690471e+04
5.90375870e+02 2.47194789e+04
5.90379165e+02 2.44468031e+04
5.90382460e+02 2.43227276e+04
5.90385755e+02 2.46773991e+04
5.90389050e+02 2.48500308e+04
5.90392345e+02 2.50190906e+04
5.90395640e+02 2.49570590e+04
5.90398935e+02 2.49221793e+04
5.90402231e+02 2.47411049e+04
5.90405526e+02 2.44890718e+04
5.90408821e+02 2.48748842e+04
5.90412116e+02 2.51381386e+04
5.90415411e+02 2.53535463e+04
