# Wavelength Flux(MR)
5.89097364e+02 -9.57652479e+26
5.89100659e+02 -3.73719865e+27
5.89103954e+02 -1.42083962e+27
5.89107249e+02 -6.50025163e+26
5.89110544e+02 1.25579428e+27
5.89113839e+02 -6.65755120e+26
5.89117135e+02 1.64023321e+27
5.89120430e+02 -6.91238125e+26
5.89123725e+02 -5.41284549e+27
5.89127020e+02 -8.48725545e+27
5.89130315e+02 -5.37172359e+27
5.89133610e+02 2.86690223e+27
5.89136905e+02 7.07897951e+27
5.89140200e+02 6.43585563e+27
5.89143496e+02 5.12172672e+27
5.89146791e+02 2.09618468e+27
5.89150086e+02 4.65042773e+26
5.89153381e+02 -5.39620387e+26
5.89156676e+02 3.05010067e+27
5.89159971e+02 8.58702795e+26
5.89163266e+02 -1.21974991e+27
5.89166561e+02 -2.35675915e+26
5.89169856e+02 -2.04882457e+27
5.89173152e+02 -3.59233554e+27
5.89176447e+02 -1.62993153e+27
5.89179742e+02 3.22192511e+27
5.89183037e+02 5.01481620e+27
5.89186332e+02 1.41500702e+27
5.89189627e+02 3.98945132e+27
5.89192922e+02 2.10694666e+27
5.89196217e+02 -1.55186217e+27
5.89199513e+02 2.32544540e+26
5.89202808e+02 -2.76131639e+27
5.89206103e+02 1.47083030e+27
5.89209398e+02 -6.39693407e+26
5.89212693e+02 -3.22013402e+27
5.89215988e+02 8.30433110e+26
5.89219283e+02 -5.25396242e+26
5.89222578e+02 -8.76679916e+26
5.89225873e+02 -3.93169303e+27
5.89229169e+02 -5.71253894e+27
5.89232464e+02 -9.29561173e+27
5.89235759e+02 -1.53581790e+28
5.89239054e+02 -1.26179650e+28
5.89242349e+02 -5.22322633e+26
5.89245644e+02 1.95343832e+28
5.89248939e+02 3.53650074e+28
5.89252234e+02 3.88581349e+28
5.89255530e+02 2.65741090e+28
5.89258825e+02 1.45609042e+28
5.89262120e+02 1.14404325e+28
5.89265415e+02 9.98632884e+27
5.89268710e+02 6.44930284e+27
5.89272005e+02 6.99836150e+27
5.89275300e+02 4.42090314e+27
5.89278595e+02 3.46727962e+27
5.89281890e+02 6.92934646e+27
5.89285186e+02 5.96880626e+27
5.89288481e+02 3.89915570e+27
5.89291776e+02 3.34858069e+27
5.89295071e+02 2.02258217e+27
5.89298366e+02 3.67625820e+27
5.89301661e+02 4.25105669e+27
5.89304956e+02 1.43573949e+27
5.89308251e+02 -2.38186117e+26
5.89311547e+02 3.92354559e+27
5.89314842e+02 3.07053698e+27
5.89318137e+02 3.21790053e+27
5.89321432e+02 1.97165374e+27
5.89324727e+02 -1.43146129e+27
5.89328022e+02 -4.42935389e+27
5.89331317e+02 -1.83986781e+27
5.89334612e+02 1.70826099e+27
5.89337907e+02 7.35292404e+27
5.89341203e+02 6.47397265e+27
5.89344498e+02 7.57988512e+27
5.89347793e+02 6.47077816e+27
5.89351088e+02 5.66593855e+27
5.89354383e+02 1.67745129e+27
5.89357678e+02 5.05773583e+26
5.89360973e+02 -5.00047453e+27
5.89364268e+02 -8.60101914e+27
5.89367564e+02 -7.09773444e+27
5.89370859e+02 -4.23817134e+27
5.89374154e+02 -1.48184381e+27
5.89377449e+02 2.02840696e+27
5.89380744e+02 1.10441128e+27
5.89384039e+02 4.43456373e+27
5.89387334e+02 2.43507890e+27
5.89390629e+02 1.18098104e+27
5.89393924e+02 2.97510330e+26
5.89397220e+02 -1.90057128e+27
5.89400515e+02 -5.37720888e+27
5.89403810e+02 -4.30221583e+27
5.89407105e+02 -2.78958517e+27
5.89410400e+02 3.46310955e+27
5.89413695e+02 5.92101566e+27
5.89416990e+02 7.07844022e+27
5.89420285e+02 5.96257938e+27
5.89423581e+02 9.76202261e+26
5.89426876e+02 -1.38533746e+27
5.89430171e+02 -2.94316486e+27
5.89433466e+02 -2.46232434e+27
5.89436761e+02 -5.05894739e+26
5.89440056e+02 -3.21775736e+26
5.89443351e+02 -2.95369426e+26
5.89446646e+02 1.53910570e+27
5.89449941e+02 2.26770605e+26
5.89453237e+02 1.67422014e+27
5.89456532e+02 2.01293932e+27
5.89459827e+02 2.51456331e+27
5.89463122e+02 -1.21028997e+27
5.89466417e+02 -4.00051665e+27
5.89469712e+02 -4.75665392e+27
5.89473007e+02 -4.11230947e+26
5.89476302e+02 2.88262998e+27
5.89479598e+02 3.17026088e+27
5.89482893e+02 1.06458137e+27
5.89486188e+02 1.66236637e+27
5.89489483e+02 1.41703245e+27
5.89492778e+02 -7.55309423e+26
5.89496073e+02 8.72204297e+26
5.89499368e+02 1.73882919e+27
5.89502663e+02 4.90832261e+27
5.89505959e+02 2.77014107e+27
5.89509254e+02 -2.65231096e+24
5.89512549e+02 -7.44949726e+26
5.89515844e+02 -4.03713664e+27
5.89519139e+02 -4.96642309e+27
5.89522434e+02 -2.63734237e+26
5.89525729e+02 -3.45386651e+27
5.89529024e+02 -1.24773078e+28
5.89532319e+02 -2.13516509e+28
5.89535615e+02 -2.30741845e+28
5.89538910e+02 -1.67682976e+28
5.89542205e+02 -3.32849859e+27
5.89545500e+02 7.35191659e+27
5.89548795e+02 1.24938481e+28
5.89552090e+02 9.88010562e+27
5.89555385e+02 7.04587731e+27
5.89558680e+02 5.53419561e+27
5.89561976e+02 1.70347793e+27
5.89565271e+02 -8.49424350e+26
5.89568566e+02 -2.73108144e+27
5.89571861e+02 -3.01163748e+26
5.89575156e+02 -8.14477796e+26
5.89578451e+02 -2.76811438e+27
5.89581746e+02 -4.11945582e+26
5.89585041e+02 -4.79917702e+26
5.89588336e+02 -1.79034311e+26
5.89591632e+02 -2.47480363e+27
5.89594927e+02 1.21932874e+27
5.89598222e+02 -1.23426024e+27
5.89601517e+02 -5.97856836e+27
5.89604812e+02 -2.91753519e+27
5.89608107e+02 -1.99460346e+27
5.89611402e+02 -2.82886304e+27
5.89614697e+02 1.46156164e+27
5.89617993e+02 6.98480434e+26
5.89621288e+02 -1.00775117e+27
5.89624583e+02 -2.02510858e+27
5.89627878e+02 -2.25460587e+27
5.89631173e+02 -5.73034188e+27
5.89634468e+02 -3.92584595e+27
5.89637763e+02 -1.81927836e+27
5.89641058e+02 -2.84713243e+27
5.89644353e+02 -1.54079151e+27
5.89647649e+02 -1.79660067e+26
5.89650944e+02 -3.27860935e+27
5.89654239e+02 -1.30099684e+27
5.89657534e+02 -1.43153273e+26
5.89660829e+02 -3.02719551e+27
5.89664124e+02 -2.05003792e+27
5.89667419e+02 -1.03340019e+27
5.89670714e+02 -9.40821197e+26
5.89674010e+02 -9.76360518e+26
5.89677305e+02 -6.36202444e+26
5.89680600e+02 -7.80986526e+26
5.89683895e+02 -1.45138618e+27
5.89687190e+02 7.44953829e+26
5.89690485e+02 3.06496321e+27
5.89693780e+02 5.28625244e+26
5.89697075e+02 1.21558834e+25
5.89700370e+02 9.24762825e+26
5.89703666e+02 -1.57723921e+27
5.89706961e+02 -4.81649199e+27
5.89710256e+02 -5.85970179e+26
5.89713551e+02 -2.73440418e+27
5.89716846e+02 -1.06113575e+27
5.89720141e+02 -2.83007682e+27
5.89723436e+02 -2.69085554e+27
5.89726731e+02 -2.12460565e+27
5.89730027e+02 -2.04296967e+27
5.89733322e+02 -1.45889422e+27
5.89736617e+02 -1.03195273e+27
5.89739912e+02 -3.06101509e+27
5.89743207e+02 -4.54084838e+26
5.89746502e+02 -8.84049885e+25
5.89749797e+02 4.81507768e+26
5.89753092e+02 -9.95239939e+26
5.89756387e+02 1.87229460e+27
5.89759683e+02 3.17064115e+27
5.89762978e+02 9.24086203e+26
5.89766273e+02 2.07279409e+27
5.89769568e+02 2.49053060e+27
5.89772863e+02 2.38935487e+27
5.89776158e+02 -1.04237738e+26
5.89779453e+02 1.23653654e+27
5.89782748e+02 -6.02279298e+25
5.89786044e+02 -4.00778394e+25
5.89789339e+02 -6.93396626e+26
5.89792634e+02 1.79579388e+27
5.89795929e+02 3.47320128e+27
5.89799224e+02 2.99071708e+27
5.89802519e+02 1.02430160e+27
5.89805814e+02 -1.52450963e+27
5.89809109e+02 -2.65071394e+27
5.89812404e+02 -1.70869348e+27
5.89815700e+02 3.56837131e+26
5.89818995e+02 4.77716129e+26
5.89822290e+02 -3.48563505e+26
5.89825585e+02 3.42712197e+25
5.89828880e+02 -7.09079285e+27
5.89832175e+02 -1.19534420e+28
5.89835470e+02 -1.32229025e+28
5.89838765e+02 -1.10862651e+28
5.89842061e+02 -4.04997968e+27
5.89845356e+02 7.89672102e+27
5.89848651e+02 1.87431810e+28
5.89851946e+02 2.00580221e+28
5.89855241e+02 1.73681741e+28
5.89858536e+02 1.39258192e+28
5.89861831e+02 1.09834681e+28
5.89865126e+02 8.55152444e+27
5.89868421e+02 6.86642986e+27
5.89871717e+02 5.94500370e+27
5.89875012e+02 5.07196691e+27
5.89878307e+02 5.53639483e+27
5.89881602e+02 4.90744612e+27
5.89884897e+02 1.62304508e+27
5.89888192e+02 2.55515776e+27
5.89891487e+02 2.25749880e+27
5.89894782e+02 1.44828370e+27
5.89898078e+02 1.11188332e+26
5.89901373e+02 1.59322623e+27
5.89904668e+02 5.35571221e+26
5.89907963e+02 8.15122941e+26
5.89911258e+02 -4.65845390e+27
5.89914553e+02 -9.92323890e+26
5.89917848e+02 4.83166225e+26
5.89921143e+02 -1.91260076e+26
5.89924438e+02 -5.90011331e+26
5.89927734e+02 3.07014244e+26
5.89931029e+02 -7.52908152e+26
5.89934324e+02 1.38223490e+27
5.89937619e+02 -5.94249457e+26
5.89940914e+02 -2.07354192e+26
5.89944209e+02 3.44514211e+25
5.89947504e+02 -3.05698045e+26
5.89950799e+02 7.26193575e+26
5.89954095e+02 -1.07934708e+27
5.89957390e+02 1.90316601e+27
5.89960685e+02 1.50664641e+27
5.89963980e+02 1.55108031e+26
5.89967275e+02 2.32979686e+27
5.89970570e+02 1.73254366e+27
5.89973865e+02 -3.62094591e+27
5.89977160e+02 -6.09302998e+27
5.89980455e+02 -1.17955200e+28
5.89983751e+02 -7.91400506e+27
5.89987046e+02 1.40381027e+27
5.89990341e+02 8.96761313e+27
5.89993636e+02 7.09485355e+27
5.89996931e+02 4.57450629e+27
5.90000226e+02 4.80947919e+27
5.90003521e+02 4.82145631e+25
5.90006816e+02 1.14198403e+27
5.90010112e+02 6.66603962e+26
5.90013407e+02 2.51175334e+27
5.90016702e+02 -1.10760860e+27
5.90019997e+02 -1.20028362e+27
5.90023292e+02 -1.29000196e+26
5.90026587e+02 -2.11885220e+27
5.90029882e+02 -4.50072277e+26
5.90033177e+02 -2.54520048e+27
5.90036472e+02 -1.87847219e+27
5.90039768e+02 -4.46013924e+27
5.90043063e+02 3.88821191e+26
5.90046358e+02 -5.52634180e+26
5.90049653e+02 2.26074115e+27
5.90052948e+02 4.81192547e+26
5.90056243e+02 5.73454989e+26
5.90059538e+02 -1.31037071e+27
5.90062833e+02 -2.42121072e+27
5.90066129e+02 -5.60731813e+27
5.90069424e+02 -7.82670430e+27
5.90072719e+02 -5.07609922e+27
5.90076014e+02 7.99473833e+26
5.90079309e+02 5.02278137e+27
5.90082604e+02 5.18642464e+27
5.90085899e+02 2.18208140e+27
5.90089194e+02 1.02486893e+27
5.90092489e+02 1.95510634e+26
5.90095785e+02 -5.50858837e+25
5.90099080e+02 -3.95384830e+27
5.90102375e+02 -1.85617589e+27
5.90105670e+02 -1.71468901e+27
5.90108965e+02 -2.62774134e+27
5.90112260e+02 -2.59348890e+27
5.90115555e+02 -2.50149194e+27
5.90118850e+02 -2.61308439e+27
5.90122146e+02 -3.47044237e+27
5.90125441e+02 -2.91716441e+27
5.90128736e+02 -1.02261501e+27
5.90132031e+02 -1.65957503e+27
5.90135326e+02 1.51671707e+27
5.90138621e+02 2.28838567e+27
5.90141916e+02 2.24624810e+27
5.90145211e+02 2.70809509e+27
5.90148506e+02 1.05546151e+27
5.90151802e+02 6.57339349e+26
5.90155097e+02 2.11859103e+27
5.90158392e+02 1.50002420e+27
5.90161687e+02 3.39660680e+27
5.90164982e+02 1.98644750e+27
5.90168277e+02 -1.91719492e+27
5.90171572e+02 -6.51089912e+27
5.90174867e+02 -7.65136784e+27
5.90178163e+02 -6.74340069e+27
5.90181458e+02 -4.11845672e+27
5.90184753e+02 6.16206001e+26
5.90188048e+02 3.42710370e+27
5.90191343e+02 5.46111305e+27
5.90194638e+02 3.03384241e+27
5.90197933e+02 -1.62894276e+27
5.90201228e+02 -3.97793140e+27
5.90204523e+02 -4.53874318e+27
5.90207819e+02 -3.15203215e+27
5.90211114e+02 4.04560283e+25
5.90214409e+02 6.86292930e+26
5.90217704e+02 1.45611664e+27
5.90220999e+02 -2.32431693e+26
5.90224294e+02 -1.99828345e+27
5.90227589e+02 -1.22710239e+27
5.90230884e+02 -2.32091410e+27
5.90234180e+02 4.45298947e+26
5.90237475e+02 -8.24910249e+26
5.90240770e+02 -8.53932208e+26
5.90244065e+02 1.55967112e+27
5.90247360e+02 -1.12867446e+27
5.90250655e+02 -2.87100698e+27
5.90253950e+02 -1.75905122e+27
5.90257245e+02 -2.14399726e+27
5.90260540e+02 -1.09645101e+27
5.90263836e+02 -1.50099768e+27
5.90267131e+02 -8.89345227e+26
5.90270426e+02 -1.73387439e+27
5.90273721e+02 1.16325850e+27
5.90277016e+02 8.11795155e+26
5.90280311e+02 -1.37927259e+27
5.90283606e+02 4.30619637e+26
5.90286901e+02 -3.17147180e+27
5.90290197e+02 3.35136594e+26
5.90293492e+02 2.75900986e+27
5.90296787e+02 5.04627488e+27
5.90300082e+02 5.35154482e+27
5.90303377e+02 3.70236743e+27
5.90306672e+02 9.85041148e+26
5.90309967e+02 -4.71158442e+27
5.90313262e+02 -7.91985633e+27
5.90316557e+02 -3.91835236e+27
5.90319853e+02 2.26560657e+27
5.90323148e+02 6.31894352e+27
5.90326443e+02 6.62069601e+27
5.90329738e+02 5.20179082e+27
5.90333033e+02 1.92431608e+27
5.90336328e+02 -8.79252199e+25
5.90339623e+02 -1.85738608e+27
5.90342918e+02 -3.50963177e+27
5.90346214e+02 2.37723010e+26
5.90349509e+02 7.12730729e+26
5.90352804e+02 1.10305453e+27
5.90356099e+02 7.25908782e+26
5.90359394e+02 -5.98904138e+26
5.90362689e+02 4.16453940e+26
5.90365984e+02 -3.38608063e+25
5.90369279e+02 -3.10943259e+27
5.90372574e+02 -2.02986250e+27
5.90375870e+02 3.95471975e+26
5.90379165e+02 -3.66902760e+27
5.90382460e+02 -2.66188573e+27
5.90385755e+02 -2.03580976e+27
5.90389050e+02 1.30768361e+27
5.90392345e+02 1.76914631e+26
5.90395640e+02 -1.40216914e+27
5.90398935e+02 -4.23396652e+27
5.90402231e+02 -4.22749361e+27
5.90405526e+02 -3.33875260e+27
5.90408821e+02 -1.96049088e+27
5.90412116e+02 -9.35453109e+26
5.90415411e+02 2.67030702e+27
