Wavelength(nm) Intensity
5.89097364e+02 2.46625046e+04
5.89100659e+02 2.41301751e+04
5.89103954e+02 2.41196193e+04
5.89107249e+02 2.45023099e+04
5.89110544e+02 2.40858950e+04
5.89113839e+02 2.37846776e+04
5.89117135e+02 2.38509307e+04
5.89120430e+02 2.27736339e+04
5.89123725e+02 2.15698460e+04
5.89127020e+02 2.08055867e+04
5.89130315e+02 2.09809973e+04
5.89133610e+02 2.19284282e+04
5.89136905e+02 2.21779062e+04
5.89140200e+02 2.24435171e+04
5.89143496e+02 2.31112455e+04
5.89146791e+02 2.27340976e+04
5.89150086e+02 2.21161641e+04
5.89153381e+02 2.22877618e+04
5.89156676e+02 2.24745903e+04
5.89159971e+02 2.22769814e+04
5.89163266e+02 2.14930698e+04
5.89166561e+02 2.05206961e+04
5.89169856e+02 1.98120747e+04
5.89173152e+02 1.93098374e+04
5.89176447e+02 1.98341948e+04
5.89179742e+02 1.99126732e+04
5.89183037e+02 1.98593405e+04
5.89186332e+02 1.90634552e+04
5.89189627e+02 1.88810503e+04
5.89192922e+02 1.89402455e+04
5.89196217e+02 1.79902463e+04
5.89199513e+02 1.77740557e+04
5.89202808e+02 1.73447487e+04
5.89206103e+02 1.60214035e+04
5.89209398e+02 1.51052597e+04
5.89212693e+02 1.44036987e+04
5.89215988e+02 1.35972083e+04
5.89219283e+02 1.26091636e+04
5.89222578e+02 1.13058764e+04
5.89225873e+02 9.67007990e+03
5.89229169e+02 7.77602096e+03
5.89232464e+02 5.72561135e+03
5.89235759e+02 4.18656388e+03
5.89239054e+02 3.20410650e+03
5.89242349e+02 4.21612186e+03
5.89245644e+02 7.18133033e+03
5.89248939e+02 1.02544401e+04
5.89252234e+02 1.14794201e+04
5.89255530e+02 1.12629588e+04
5.89258825e+02 1.02073675e+04
5.89262120e+02 1.12625768e+04
5.89265415e+02 1.21012464e+04
5.89268710e+02 1.32234758e+04
5.89272005e+02 1.45475336e+04
5.89275300e+02 1.52348807e+04
5.89278595e+02 1.59295989e+04
5.89281890e+02 1.68075127e+04
5.89285186e+02 1.73579834e+04
5.89288481e+02 1.79608829e+04
5.89291776e+02 1.85147790e+04
5.89295071e+02 1.86384320e+04
5.89298366e+02 1.92243324e+04
5.89301661e+02 2.00700035e+04
5.89304956e+02 2.02205167e+04
5.89308251e+02 2.03279694e+04
5.89311547e+02 2.10269649e+04
5.89314842e+02 2.10090917e+04
5.89318137e+02 2.05940487e+04
5.89321432e+02 2.07838810e+04
5.89324727e+02 2.00516495e+04
5.89328022e+02 1.90395867e+04
5.89331317e+02 1.99333807e+04
5.89334612e+02 2.02227760e+04
5.89337907e+02 2.19265900e+04
5.89341203e+02 2.30885901e+04
5.89344498e+02 2.32343503e+04
5.89347793e+02 2.34113365e+04
5.89351088e+02 2.38137125e+04
5.89354383e+02 2.33607739e+04
5.89357678e+02 2.28578640e+04
5.89360973e+02 2.22126953e+04
5.89364268e+02 2.15575212e+04
5.89367564e+02 2.16903157e+04
5.89370859e+02 2.20378688e+04
5.89374154e+02 2.29180888e+04
5.89377449e+02 2.37961519e+04
5.89380744e+02 2.41647771e+04
5.89384039e+02 2.37750573e+04
5.89387334e+02 2.41354481e+04
5.89390629e+02 2.38744762e+04
5.89393924e+02 2.37504120e+04
5.89397220e+02 2.28597586e+04
5.89400515e+02 2.20291374e+04
5.89403810e+02 2.18835382e+04
5.89407105e+02 2.23312563e+04
5.89410400e+02 2.31372062e+04
5.89413695e+02 2.36485886e+04
5.89416990e+02 2.44378204e+04
5.89420285e+02 2.41433110e+04
5.89423581e+02 2.42937719e+04
5.89426876e+02 2.46540542e+04
5.89430171e+02 2.44414525e+04
5.89433466e+02 2.42487156e+04
5.89436761e+02 2.41261602e+04
5.89440056e+02 2.44768580e+04
5.89443351e+02 2.46676682e+04
5.89446646e+02 2.44308374e+04
5.89449941e+02 2.50926719e+04
5.89453237e+02 2.47771766e+04
5.89456532e+02 2.44338929e+04
5.89459827e+02 2.45298320e+04
5.89463122e+02 2.39230298e+04
5.89466417e+02 2.31832661e+04
5.89469712e+02 2.29327187e+04
5.89473007e+02 2.38742341e+04
5.89476302e+02 2.43752117e+04
5.89479598e+02 2.45106729e+04
5.89482893e+02 2.48273394e+04
5.89486188e+02 2.45567419e+04
5.89489483e+02 2.43797284e+04
5.89492778e+02 2.46067757e+04
5.89496073e+02 2.47971112e+04
5.89499368e+02 2.47459680e+04
5.89502663e+02 2.43744286e+04
5.89505959e+02 2.38217424e+04
5.89509254e+02 2.25209862e+04
5.89512549e+02 2.09747198e+04
5.89515844e+02 2.00407650e+04
5.89519139e+02 1.95675730e+04
5.89522434e+02 1.91493102e+04
5.89525729e+02 1.84223478e+04
5.89529024e+02 1.66975957e+04
5.89532319e+02 1.50422967e+04
5.89535615e+02 1.51430872e+04
5.89538910e+02 1.64935731e+04
5.89542205e+02 1.92740089e+04
5.89545500e+02 2.21486171e+04
5.89548795e+02 2.38553618e+04
5.89552090e+02 2.46223438e+04
5.89555385e+02 2.52256932e+04
5.89558680e+02 2.50516373e+04
5.89561976e+02 2.49693602e+04
5.89565271e+02 2.50362389e+04
5.89568566e+02 2.46594724e+04
5.89571861e+02 2.49303118e+04
5.89575156e+02 2.48587870e+04
5.89578451e+02 2.49701045e+04
5.89581746e+02 2.52357134e+04
5.89585041e+02 2.47662296e+04
5.89588336e+02 2.49833794e+04
5.89591632e+02 2.48793107e+04
5.89594927e+02 2.49409762e+04
5.89598222e+02 2.43475977e+04
5.89601517e+02 2.46728279e+04
5.89604812e+02 2.41348985e+04
5.89608107e+02 2.39432598e+04
5.89611402e+02 2.47061171e+04
5.89614697e+02 2.48570010e+04
5.89617993e+02 2.54357212e+04
5.89621288e+02 2.55219036e+04
5.89624583e+02 2.49303159e+04
5.89627878e+02 2.53785313e+04
5.89631173e+02 2.52381514e+04
5.89634468e+02 2.47992200e+04
5.89637763e+02 2.51877668e+04
5.89641058e+02 2.51332453e+04
5.89644353e+02 2.51898061e+04
5.89647649e+02 2.54138618e+04
5.89650944e+02 2.46134231e+04
5.89654239e+02 2.41444972e+04
5.89657534e+02 2.42742883e+04
5.89660829e+02 2.41900769e+04
5.89664124e+02 2.41338196e+04
5.89667419e+02 2.48236925e+04
5.89670714e+02 2.42733385e+04
5.89674010e+02 2.45315378e+04
5.89677305e+02 2.46107711e+04
5.89680600e+02 2.48278098e+04
5.89683895e+02 2.45340365e+04
5.89687190e+02 2.46996202e+04
5.89690485e+02 2.47740258e+04
5.89693780e+02 2.51902385e+04
5.89697075e+02 2.52505756e+04
5.89700370e+02 2.54405758e+04
5.89703666e+02 2.44917243e+04
5.89706961e+02 2.49903425e+04
5.89710256e+02 2.46282987e+04
5.89713551e+02 2.48359760e+04
5.89716846e+02 2.43388207e+04
5.89720141e+02 2.47374106e+04
5.89723436e+02 2.43506661e+04
5.89726731e+02 2.44537723e+04
5.89730027e+02 2.43636398e+04
5.89733322e+02 2.42128709e+04
5.89736617e+02 2.42443181e+04
5.89739912e+02 2.41649434e+04
5.89743207e+02 2.41201715e+04
5.89746502e+02 2.40535454e+04
5.89749797e+02 2.42425839e+04
5.89753092e+02 2.35862606e+04
5.89756387e+02 2.37107336e+04
5.89759683e+02 2.36035700e+04
5.89762978e+02 2.33875728e+04
5.89766273e+02 2.31773794e+04
5.89769568e+02 2.29725187e+04
5.89772863e+02 2.32231686e+04
5.89776158e+02 2.28657853e+04
5.89779453e+02 2.26640097e+04
5.89782748e+02 2.24780124e+04
5.89786044e+02 2.20546031e+04
5.89789339e+02 2.15124947e+04
5.89792634e+02 2.09503594e+04
5.89795929e+02 2.08850393e+04
5.89799224e+02 1.98355312e+04
5.89802519e+02 1.87016644e+04
5.89805814e+02 1.78102810e+04
5.89809109e+02 1.66984348e+04
5.89812404e+02 1.55155367e+04
5.89815700e+02 1.43996771e+04
5.89818995e+02 1.34679889e+04
5.89822290e+02 1.19971559e+04
5.89825585e+02 1.02582783e+04
5.89828880e+02 8.10355135e+03
5.89832175e+02 5.90685057e+03
5.89835470e+02 4.17697143e+03
5.89838765e+02 3.60723973e+03
5.89842061e+02 4.43867846e+03
5.89845356e+02 6.47164194e+03
5.89848651e+02 8.69533212e+03
5.89851946e+02 1.04274767e+04
5.89855241e+02 1.09502265e+04
5.89858536e+02 1.23671222e+04
5.89861831e+02 1.37755244e+04
5.89865126e+02 1.52273382e+04
5.89868421e+02 1.64588528e+04
5.89871717e+02 1.72593522e+04
5.89875012e+02 1.84575312e+04
5.89878307e+02 1.92952422e+04
5.89881602e+02 1.96938909e+04
5.89884897e+02 2.00650063e+04
5.89888192e+02 2.05887268e+04
5.89891487e+02 2.09876465e+04
5.89894782e+02 2.11035948e+04
5.89898078e+02 2.16337426e+04
5.89901373e+02 2.20978831e+04
5.89904668e+02 2.20031842e+04
5.89907963e+02 2.19715944e+04
5.89911258e+02 2.21596154e+04
5.89914553e+02 2.25146837e+04
5.89917848e+02 2.30433192e+04
5.89921143e+02 2.32236825e+04
5.89924438e+02 2.33019599e+04
5.89927734e+02 2.36385571e+04
5.89931029e+02 2.36861434e+04
5.89934324e+02 2.41503014e+04
5.89937619e+02 2.39100379e+04
5.89940914e+02 2.43279201e+04
5.89944209e+02 2.37500174e+04
5.89947504e+02 2.37758087e+04
5.89950799e+02 2.39782816e+04
5.89954095e+02 2.39553423e+04
5.89957390e+02 2.38182149e+04
5.89960685e+02 2.31232924e+04
5.89963980e+02 2.33529715e+04
5.89967275e+02 2.28798139e+04
5.89970570e+02 2.22587217e+04
5.89973865e+02 2.15916704e+04
5.89977160e+02 2.06389081e+04
5.89980455e+02 2.06306053e+04
5.89983751e+02 2.08239074e+04
5.89987046e+02 2.18903085e+04
5.89990341e+02 2.34307823e+04
5.89993636e+02 2.43881792e+04
5.89996931e+02 2.41129169e+04
5.90000226e+02 2.41073037e+04
5.90003521e+02 2.37835924e+04
5.90006816e+02 2.40785482e+04
5.90010112e+02 2.46372952e+04
5.90013407e+02 2.49811295e+04
5.90016702e+02 2.53833448e+04
5.90019997e+02 2.51204841e+04
5.90023292e+02 2.47020496e+04
5.90026587e+02 2.53423533e+04
5.90029882e+02 2.51872337e+04
5.90033177e+02 2.50119521e+04
5.90036472e+02 2.49100426e+04
5.90039768e+02 2.48834818e+04
5.90043063e+02 2.45628720e+04
5.90046358e+02 2.46406065e+04
5.90049653e+02 2.49380120e+04
5.90052948e+02 2.45563088e+04
5.90056243e+02 2.42577082e+04
5.90059538e+02 2.32432390e+04
5.90062833e+02 2.23991412e+04
5.90066129e+02 2.22188070e+04
5.90069424e+02 2.19580850e+04
5.90072719e+02 2.26709605e+04
5.90076014e+02 2.29980463e+04
5.90079309e+02 2.42452765e+04
5.90082604e+02 2.49645167e+04
5.90085899e+02 2.50780820e+04
5.90089194e+02 2.52241077e+04
5.90092489e+02 2.54385062e+04
5.90095785e+02 2.52721859e+04
5.90099080e+02 2.52268502e+04
5.90102375e+02 2.51423997e+04
5.90105670e+02 2.52765634e+04
5.90108965e+02 2.55580821e+04
5.90112260e+02 2.54552228e+04
5.90115555e+02 2.54141142e+04
5.90118850e+02 2.53527909e+04
5.90122146e+02 2.56945982e+04
5.90125441e+02 2.55726178e+04
5.90128736e+02 2.53157960e+04
5.90132031e+02 2.51602657e+04
5.90135326e+02 2.54520470e+04
5.90138621e+02 2.54726820e+04
5.90141916e+02 2.54213850e+04
5.90145211e+02 2.45888221e+04
5.90148506e+02 2.37477117e+04
5.90151802e+02 2.31050226e+04
5.90155097e+02 2.29356887e+04
5.90158392e+02 2.19762738e+04
5.90161687e+02 2.11726492e+04
5.90164982e+02 2.03487906e+04
5.90168277e+02 1.98519613e+04
5.90171572e+02 1.87905309e+04
5.90174867e+02 1.87939410e+04
5.90178163e+02 1.87780238e+04
5.90181458e+02 1.97571893e+04
5.90184753e+02 2.14654551e+04
5.90188048e+02 2.28132040e+04
5.90191343e+02 2.30281667e+04
5.90194638e+02 2.32161138e+04
5.90197933e+02 2.28649258e+04
5.90201228e+02 2.29290259e+04
5.90204523e+02 2.27014141e+04
5.90207819e+02 2.30960408e+04
5.90211114e+02 2.37892232e+04
5.90214409e+02 2.42451239e+04
5.90217704e+02 2.50055233e+04
5.90220999e+02 2.48770240e+04
5.90224294e+02 2.50359856e+04
5.90227589e+02 2.53075529e+04
5.90230884e+02 2.52931003e+04
5.90234180e+02 2.51869910e+04
5.90237475e+02 2.56621643e+04
5.90240770e+02 2.55951419e+04
5.90244065e+02 2.55012485e+04
5.90247360e+02 2.51892025e+04
5.90250655e+02 2.52210157e+04
5.90253950e+02 2.51018688e+04
5.90257245e+02 2.49524551e+04
5.90260540e+02 2.50904222e+04
5.90263836e+02 2.48176521e+04
5.90267131e+02 2.50308941e+04
5.90270426e+02 2.55235623e+04
5.90273721e+02 2.52109646e+04
5.90277016e+02 2.51159863e+04
5.90280311e+02 2.55105730e+04
5.90283606e+02 2.52273458e+04
5.90286901e+02 2.48973250e+04
5.90290197e+02 2.45540817e+04
5.90293492e+02 2.46339623e+04
5.90296787e+02 2.48012280e+04
5.90300082e+02 2.42554036e+04
5.90303377e+02 2.32157351e+04
5.90306672e+02 2.20455802e+04
5.90309967e+02 2.06596259e+04
5.90313262e+02 2.04287845e+04
5.90316557e+02 2.13526727e+04
5.90319853e+02 2.29255497e+04
5.90323148e+02 2.40719362e+04
5.90326443e+02 2.48331844e+04
5.90329738e+02 2.50802288e+04
5.90333033e+02 2.52686777e+04
5.90336328e+02 2.52575901e+04
5.90339623e+02 2.53807320e+04
5.90342918e+02 2.55613830e+04
5.90346214e+02 2.56472278e+04
5.90349509e+02 2.56267485e+04
5.90352804e+02 2.55812840e+04
5.90356099e+02 2.57171162e+04
5.90359394e+02 2.57854759e+04
5.90362689e+02 2.50784134e+04
5.90365984e+02 2.51764694e+04
5.90369279e+02 2.46598773e+04
5.90372574e+02 2.47282338e+04
5.90375870e+02 2.45914333e+04
5.90379165e+02 2.42081746e+04
5.90382460e+02 2.43546047e+04
5.90385755e+02 2.44392146e+04
5.90389050e+02 2.46048221e+04
5.90392345e+02 2.48361012e+04
5.90395640e+02 2.46601532e+04
5.90398935e+02 2.45779504e+04
5.90402231e+02 2.43333300e+04
5.90405526e+02 2.43525396e+04
5.90408821e+02 2.46396918e+04
5.90412116e+02 2.46925360e+04
5.90415411e+02 2.52259229e+04
