# Wavelength Flux(MR)
5.89097364e+02 -5.45748288e+28
5.89100659e+02 -1.31444100e+28
5.89103954e+02 2.67528908e+28
5.89107249e+02 4.24499493e+28
5.89110544e+02 2.87877620e+28
5.89113839e+02 1.22234327e+28
5.89117135e+02 4.68577806e+27
5.89120430e+02 -1.54331261e+27
5.89123725e+02 -4.32946262e+27
5.89127020e+02 1.60481854e+27
5.89130315e+02 7.34688815e+27
5.89133610e+02 1.15483512e+28
5.89136905e+02 9.60578827e+27
5.89140200e+02 5.50657868e+27
5.89143496e+02 2.56923647e+27
5.89146791e+02 1.47902617e+27
5.89150086e+02 -1.16954564e+27
5.89153381e+02 -6.32443013e+25
5.89156676e+02 4.40594868e+25
5.89159971e+02 -2.03703088e+26
5.89163266e+02 -4.95252369e+27
5.89166561e+02 -5.78904332e+27
5.89169856e+02 -2.39654586e+27
5.89173152e+02 4.76337335e+27
5.89176447e+02 7.07111297e+27
5.89179742e+02 5.18074733e+27
5.89183037e+02 3.03067171e+27
5.89186332e+02 1.84936610e+27
5.89189627e+02 4.02733066e+26
5.89192922e+02 3.98113509e+26
5.89196217e+02 -1.59040160e+27
5.89199513e+02 -2.13799266e+27
5.89202808e+02 -8.39254983e+26
5.89206103e+02 -1.92849111e+27
5.89209398e+02 -5.24989498e+26
5.89212693e+02 -2.41503961e+27
5.89215988e+02 -6.54826380e+27
5.89219283e+02 -5.35382661e+27
5.89222578e+02 -3.10457802e+27
5.89225873e+02 -2.10054104e+26
5.89229169e+02 1.63855717e+27
5.89232464e+02 1.41058441e+27
5.89235759e+02 -2.17362869e+27
5.89239054e+02 3.61535945e+27
5.89242349e+02 2.01002808e+27
5.89245644e+02 -9.76036875e+26
5.89248939e+02 -2.78113216e+27
5.89252234e+02 3.53805009e+27
5.89255530e+02 4.70734595e+27
5.89258825e+02 -3.42534886e+26
5.89262120e+02 2.96032344e+27
5.89265415e+02 4.72990744e+25
5.89268710e+02 3.23865363e+26
5.89272005e+02 8.62645694e+26
5.89275300e+02 -3.27283087e+27
5.89278595e+02 9.97411954e+26
5.89281890e+02 9.34868973e+26
5.89285186e+02 7.36509813e+26
5.89288481e+02 1.75538971e+27
5.89291776e+02 -5.37732784e+27
5.89295071e+02 2.36414377e+27
5.89298366e+02 -2.47164021e+27
5.89301661e+02 -5.38577248e+27
5.89304956e+02 -3.22120639e+27
5.89308251e+02 -6.44969937e+27
5.89311547e+02 -4.25392401e+27
5.89314842e+02 -1.69838365e+27
5.89318137e+02 -2.80376117e+27
5.89321432e+02 -4.27880993e+27
5.89324727e+02 -7.14325211e+27
5.89328022e+02 -5.99642185e+27
5.89331317e+02 1.71558407e+27
5.89334612e+02 9.74325558e+27
5.89337907e+02 8.29705886e+27
5.89341203e+02 4.08093478e+27
5.89344498e+02 3.66282701e+27
5.89347793e+02 1.97614989e+27
5.89351088e+02 7.81471079e+26
5.89354383e+02 2.15482236e+27
5.89357678e+02 2.67099324e+27
5.89360973e+02 5.70959571e+27
5.89364268e+02 -1.31673612e+26
5.89367564e+02 -2.21442862e+27
5.89370859e+02 -4.08536199e+27
5.89374154e+02 -2.14426226e+27
5.89377449e+02 -1.41658841e+27
5.89380744e+02 -3.61163230e+26
5.89384039e+02 -6.03814454e+27
5.89387334e+02 -6.28976344e+27
5.89390629e+02 -7.44106465e+27
5.89393924e+02 -6.27652915e+27
5.89397220e+02 -3.33831637e+27
5.89400515e+02 3.20189350e+26
5.89403810e+02 1.80717015e+27
5.89407105e+02 9.41666102e+27
5.89410400e+02 5.79495216e+27
5.89413695e+02 2.78247414e+27
5.89416990e+02 -9.14466032e+26
5.89420285e+02 4.19919885e+26
5.89423581e+02 -7.21912221e+26
5.89426876e+02 -4.03762484e+27
5.89430171e+02 -2.37928323e+26
5.89433466e+02 -4.38382407e+26
5.89436761e+02 -2.80083116e+27
5.89440056e+02 -2.35738399e+27
5.89443351e+02 1.89163312e+27
5.89446646e+02 -2.06868606e+27
5.89449941e+02 7.89973901e+26
5.89453237e+02 8.36713352e+26
5.89456532e+02 8.36566211e+26
5.89459827e+02 -1.08255951e+27
5.89463122e+02 -6.31502212e+27
5.89466417e+02 -2.33736063e+27
5.89469712e+02 -1.60251853e+26
5.89473007e+02 6.58474115e+27
5.89476302e+02 3.55403098e+27
5.89479598e+02 3.12064616e+27
5.89482893e+02 4.72863037e+27
5.89486188e+02 3.56484280e+27
5.89489483e+02 1.90237320e+26
5.89492778e+02 4.80309822e+27
5.89496073e+02 1.59742270e+27
5.89499368e+02 3.36561181e+27
5.89502663e+02 2.45113217e+26
5.89505959e+02 -8.00192547e+26
5.89509254e+02 -5.85944201e+27
5.89512549e+02 -4.95241120e+27
5.89515844e+02 -1.10296390e+27
5.89519139e+02 2.01787467e+27
5.89522434e+02 5.21617581e+27
5.89525729e+02 3.44487511e+27
5.89529024e+02 -1.98723917e+26
5.89532319e+02 -2.20039805e+27
5.89535615e+02 -2.91209939e+27
5.89538910e+02 1.17566012e+27
5.89542205e+02 1.88315827e+27
5.89545500e+02 -1.70401242e+27
5.89548795e+02 7.55268486e+26
5.89552090e+02 6.68368268e+26
5.89555385e+02 -2.68741553e+25
5.89558680e+02 2.28009471e+27
5.89561976e+02 -3.02266636e+27
5.89565271e+02 1.48243711e+27
5.89568566e+02 -6.46650365e+25
5.89571861e+02 -4.22621113e+27
5.89575156e+02 4.27517607e+27
5.89578451e+02 4.66766194e+26
5.89581746e+02 3.69922274e+27
5.89585041e+02 2.16190647e+27
5.89588336e+02 1.05514838e+27
5.89591632e+02 1.99919989e+27
5.89594927e+02 1.72940573e+27
5.89598222e+02 1.18977780e+26
5.89601517e+02 -3.06512361e+27
5.89604812e+02 2.53314977e+27
5.89608107e+02 6.78155993e+26
5.89611402e+02 -9.48375186e+26
5.89614697e+02 -1.36269993e+27
5.89617993e+02 7.40726705e+26
5.89621288e+02 1.53546199e+27
5.89624583e+02 -1.23723499e+27
5.89627878e+02 1.56010202e+27
5.89631173e+02 6.74330078e+26
5.89634468e+02 -3.72802840e+27
5.89637763e+02 -1.44794655e+26
5.89641058e+02 -2.00478365e+26
5.89644353e+02 -3.65909940e+27
5.89647649e+02 8.54645986e+25
5.89650944e+02 1.06421130e+27
5.89654239e+02 -4.77947997e+27
5.89657534e+02 -4.25043170e+27
5.89660829e+02 1.84589496e+26
5.89664124e+02 1.33850514e+27
5.89667419e+02 1.37978234e+27
5.89670714e+02 -1.70031292e+27
5.89674010e+02 -5.23196379e+27
5.89677305e+02 -1.25073971e+27
5.89680600e+02 -3.28464034e+27
5.89683895e+02 -4.32377386e+27
5.89687190e+02 -4.68732271e+27
5.89690485e+02 -5.99790068e+27
5.89693780e+02 5.98432520e+26
5.89697075e+02 1.03247849e+28
5.89700370e+02 2.57861333e+28
5.89703666e+02 3.57015659e+28
5.89706961e+02 3.07350297e+28
5.89710256e+02 1.78417872e+28
5.89713551e+02 1.16345072e+28
5.89716846e+02 2.01994133e+27
5.89720141e+02 -1.33557150e+26
5.89723436e+02 6.09590825e+26
5.89726731e+02 -6.83169559e+26
5.89730027e+02 -7.25830192e+26
5.89733322e+02 3.16269146e+27
5.89736617e+02 2.40593834e+27
5.89739912e+02 3.02919461e+27
5.89743207e+02 2.84751235e+27
5.89746502e+02 2.75162297e+27
5.89749797e+02 5.76560960e+27
5.89753092e+02 7.34889272e+27
5.89756387e+02 8.02217574e+27
5.89759683e+02 8.61985278e+27
5.89762978e+02 8.26313798e+27
5.89766273e+02 1.02019467e+28
5.89769568e+02 9.33066312e+27
5.89772863e+02 4.44064365e+27
5.89776158e+02 4.23071577e+27
5.89779453e+02 3.05632354e+27
5.89782748e+02 2.68527486e+27
5.89786044e+02 1.50755997e+27
5.89789339e+02 1.57393921e+27
5.89792634e+02 1.83750464e+27
5.89795929e+02 3.47374940e+27
5.89799224e+02 4.27042944e+27
5.89802519e+02 -9.50705312e+26
5.89805814e+02 1.48789014e+27
5.89809109e+02 4.07522949e+26
5.89812404e+02 -1.18674500e+27
5.89815700e+02 3.14824936e+27
5.89818995e+02 2.42932942e+27
5.89822290e+02 2.20224802e+26
5.89825585e+02 2.83233826e+26
5.89828880e+02 -3.16261624e+27
5.89832175e+02 -2.14087386e+27
5.89835470e+02 -5.06187039e+26
5.89838765e+02 -2.26355055e+27
5.89842061e+02 -5.01730394e+27
5.89845356e+02 -4.38539600e+27
5.89848651e+02 6.31883596e+26
5.89851946e+02 2.80211907e+27
5.89855241e+02 5.72254501e+27
5.89858536e+02 2.68429183e+27
5.89861831e+02 -6.63240967e+26
5.89865126e+02 1.02520670e+27
5.89868421e+02 -2.39588781e+27
5.89871717e+02 -2.19973284e+27
5.89875012e+02 9.58595962e+26
5.89878307e+02 2.95280757e+27
5.89881602e+02 2.21798328e+27
5.89884897e+02 1.59699932e+27
5.89888192e+02 1.80809629e+27
5.89891487e+02 2.29138735e+26
5.89894782e+02 -1.98214858e+27
5.89898078e+02 -1.10870487e+27
5.89901373e+02 1.56611352e+26
5.89904668e+02 -4.64561684e+27
5.89907963e+02 -1.73250652e+27
5.89911258e+02 -1.09797879e+27
5.89914553e+02 8.78957731e+26
5.89917848e+02 -2.04930283e+26
5.89921143e+02 8.15574948e+26
5.89924438e+02 -4.42164916e+26
5.89927734e+02 -1.80997192e+27
5.89931029e+02 -1.87226828e+27
5.89934324e+02 -1.26281594e+27
5.89937619e+02 9.03221590e+26
5.89940914e+02 -1.90087912e+27
5.89944209e+02 1.36102304e+27
5.89947504e+02 4.93911838e+27
5.89950799e+02 -5.16479965e+26
5.89954095e+02 -5.31107030e+26
5.89957390e+02 -7.22870900e+26
5.89960685e+02 1.36111103e+27
5.89963980e+02 3.77695905e+27
5.89967275e+02 4.38854527e+27
5.89970570e+02 -1.42580725e+27
5.89973865e+02 -4.64979030e+27
5.89977160e+02 -5.54544779e+27
5.89980455e+02 1.89789260e+27
5.89983751e+02 1.06036924e+28
5.89987046e+02 1.06310167e+28
5.89990341e+02 7.15196896e+27
5.89993636e+02 5.24426795e+27
5.89996931e+02 5.45083788e+27
5.90000226e+02 9.53579748e+26
5.90003521e+02 -1.08057554e+27
5.90006816e+02 -4.30889737e+26
5.90010112e+02 1.63302135e+27
5.90013407e+02 3.03741320e+27
5.90016702e+02 1.35736155e+27
5.90019997e+02 6.83345132e+26
5.90023292e+02 4.93635003e+26
5.90026587e+02 -1.14667297e+27
5.90029882e+02 -5.34483244e+27
5.90033177e+02 -5.47188601e+27
5.90036472e+02 -4.30696340e+27
5.90039768e+02 -9.66576382e+26
5.90043063e+02 2.98361328e+27
5.90046358e+02 2.53610829e+27
5.90049653e+02 -6.22187058e+26
5.90052948e+02 -3.60062395e+27
5.90056243e+02 -3.74149949e+27
5.90059538e+02 -2.07733088e+27
5.90062833e+02 -3.95828690e+27
5.90066129e+02 2.64544219e+27
5.90069424e+02 3.45849446e+27
5.90072719e+02 2.40497614e+27
5.90076014e+02 1.24778615e+27
5.90079309e+02 3.60169838e+27
5.90082604e+02 7.53835602e+26
5.90085899e+02 -9.39149503e+26
5.90089194e+02 -1.27968900e+27
5.90092489e+02 5.53805644e+26
5.90095785e+02 2.77324768e+27
5.90099080e+02 1.70661695e+27
5.90102375e+02 -5.39363200e+26
5.90105670e+02 1.69315129e+27
5.90108965e+02 1.30682501e+27
5.90112260e+02 1.43929752e+27
5.90115555e+02 8.16213253e+26
5.90118850e+02 -8.07131456e+26
5.90122146e+02 8.58779446e+26
5.90125441e+02 1.85424650e+27
5.90128736e+02 2.65995533e+27
5.90132031e+02 5.99802323e+26
5.90135326e+02 1.43402152e+27
5.90138621e+02 -1.38789308e+27
5.90141916e+02 -8.10953476e+24
5.90145211e+02 1.65643908e+27
5.90148506e+02 -3.39922289e+27
5.90151802e+02 -5.54366202e+27
5.90155097e+02 -1.53210003e+27
5.90158392e+02 -1.70775175e+27
5.90161687e+02 -3.16917208e+27
5.90164982e+02 -1.34431166e+27
5.90168277e+02 -1.41826207e+27
5.90171572e+02 3.04925781e+27
5.90174867e+02 7.10908259e+27
5.90178163e+02 5.98577044e+27
5.90181458e+02 2.00048921e+27
5.90184753e+02 8.32129330e+26
5.90188048e+02 -1.96891482e+26
5.90191343e+02 -5.36578725e+27
5.90194638e+02 -6.56101188e+26
5.90197933e+02 -2.27350828e+26
5.90201228e+02 -2.31443548e+27
5.90204523e+02 -3.60763572e+27
5.90207819e+02 -1.50844107e+27
5.90211114e+02 -2.02679208e+27
5.90214409e+02 -1.00975595e+27
5.90217704e+02 -2.84287212e+27
5.90220999e+02 -3.24432419e+27
5.90224294e+02 -1.97471002e+27
5.90227589e+02 -2.03418927e+27
5.90230884e+02 -4.11346774e+27
5.90234180e+02 -3.48824049e+27
5.90237475e+02 1.68993858e+27
5.90240770e+02 1.26279231e+27
5.90244065e+02 -1.73388619e+27
5.90247360e+02 -1.05270818e+27
5.90250655e+02 -1.87408159e+24
5.90253950e+02 -3.07960166e+27
5.90257245e+02 -3.09296938e+27
5.90260540e+02 -2.70259151e+27
5.90263836e+02 -2.69157765e+27
5.90267131e+02 -3.37889309e+27
5.90270426e+02 -9.35301254e+26
5.90273721e+02 -3.76937538e+27
5.90277016e+02 -2.10715493e+27
5.90280311e+02 -2.91405792e+27
5.90283606e+02 -4.06369777e+27
5.90286901e+02 -1.87049954e+27
5.90290197e+02 -6.22544315e+26
5.90293492e+02 2.19298744e+27
5.90296787e+02 1.17496377e+25
5.90300082e+02 1.37435929e+27
5.90303377e+02 -3.54583779e+27
5.90306672e+02 -4.97210088e+27
5.90309967e+02 -5.62828414e+27
5.90313262e+02 1.98971949e+27
5.90316557e+02 4.24257132e+27
5.90319853e+02 7.12150880e+27
5.90323148e+02 1.58664641e+27
5.90326443e+02 3.16544200e+26
5.90329738e+02 -2.57424196e+27
5.90333033e+02 -2.39661640e+27
5.90336328e+02 -1.61803315e+27
5.90339623e+02 -8.58818758e+26
5.90342918e+02 -2.48264620e+27
5.90346214e+02 -4.82099036e+27
5.90349509e+02 -4.08214179e+27
5.90352804e+02 -3.77457060e+27
5.90356099e+02 -1.88962327e+27
5.90359394e+02 -1.89466916e+27
5.90362689e+02 -1.20128182e+27
5.90365984e+02 -2.25116118e+27
5.90369279e+02 -2.09410168e+27
5.90372574e+02 -3.39910833e+27
5.90375870e+02 -4.24619965e+27
5.90379165e+02 -4.39512244e+27
5.90382460e+02 -1.46651991e+27
5.90385755e+02 1.68856096e+27
5.90389050e+02 3.56053261e+26
5.90392345e+02 -2.70157850e+27
5.90395640e+02 3.11031887e+27
5.90398935e+02 1.29675545e+27
5.90402231e+02 1.29965010e+26
5.90405526e+02 3.97958667e+26
5.90408821e+02 7.35671676e+27
5.90412116e+02 1.60894284e+28
5.90415411e+02 3.82269202e+28
