# Wavelength Flux(MR)
5.89097364e+02 -5.32214462e+28
5.89100659e+02 -1.52171520e+28
5.89103954e+02 2.38967962e+28
5.89107249e+02 4.11829537e+28
5.89110544e+02 3.74996983e+28
5.89113839e+02 2.18829711e+28
5.89117135e+02 9.11300402e+27
5.89120430e+02 6.25264919e+27
5.89123725e+02 2.87815661e+27
5.89127020e+02 2.83100693e+27
5.89130315e+02 1.24665163e+28
5.89133610e+02 1.65702555e+28
5.89136905e+02 1.28299875e+28
5.89140200e+02 8.78955521e+27
5.89143496e+02 6.44003773e+27
5.89146791e+02 4.36776117e+27
5.89150086e+02 2.03333188e+27
5.89153381e+02 4.20387377e+27
5.89156676e+02 1.85352218e+27
5.89159971e+02 1.25675919e+27
5.89163266e+02 1.62191608e+27
5.89166561e+02 1.36190076e+26
5.89169856e+02 -5.57829323e+26
5.89173152e+02 6.82565954e+27
5.89176447e+02 8.88976261e+27
5.89179742e+02 1.11923993e+28
5.89183037e+02 6.22768350e+27
5.89186332e+02 4.95589582e+27
5.89189627e+02 2.21908638e+27
5.89192922e+02 8.79373384e+26
5.89196217e+02 2.43754062e+27
5.89199513e+02 -7.05036863e+25
5.89202808e+02 2.63498465e+27
5.89206103e+02 1.15210511e+27
5.89209398e+02 -1.91856091e+27
5.89212693e+02 -6.89243593e+25
5.89215988e+02 1.63276587e+27
5.89219283e+02 -1.03776767e+27
5.89222578e+02 -1.19314079e+27
5.89225873e+02 1.06370534e+27
5.89229169e+02 6.93472292e+27
5.89232464e+02 2.81602956e+27
5.89235759e+02 1.73804742e+27
5.89239054e+02 1.58046285e+27
5.89242349e+02 4.20600126e+27
5.89245644e+02 5.97513328e+27
5.89248939e+02 3.18847506e+27
5.89252234e+02 4.52874995e+27
5.89255530e+02 5.01405322e+27
5.89258825e+02 6.33564586e+27
5.89262120e+02 3.81227882e+27
5.89265415e+02 1.83952162e+27
5.89268710e+02 -9.39484004e+25
5.89272005e+02 -6.21457564e+26
5.89275300e+02 -3.14625762e+27
5.89278595e+02 -1.12324420e+27
5.89281890e+02 5.16561992e+27
5.89285186e+02 5.06658431e+27
5.89288481e+02 5.65097612e+27
5.89291776e+02 4.80076785e+27
5.89295071e+02 2.81747435e+27
5.89298366e+02 4.69026312e+27
5.89301661e+02 3.38975748e+27
5.89304956e+02 1.25011256e+27
5.89308251e+02 -3.19255197e+27
5.89311547e+02 -1.04323331e+27
5.89314842e+02 1.81461049e+27
5.89318137e+02 2.40042603e+27
5.89321432e+02 1.54639968e+26
5.89324727e+02 -5.28753138e+27
5.89328022e+02 -5.41083304e+27
5.89331317e+02 4.87490077e+27
5.89334612e+02 1.54953700e+28
5.89337907e+02 1.49120226e+28
5.89341203e+02 9.18716914e+27
5.89344498e+02 1.10601565e+28
5.89347793e+02 6.54326320e+27
5.89351088e+02 3.65230446e+27
5.89354383e+02 4.58703507e+27
5.89357678e+02 8.35922545e+27
5.89360973e+02 6.15028739e+27
5.89364268e+02 5.55538833e+27
5.89367564e+02 2.30409560e+27
5.89370859e+02 2.51570848e+27
5.89374154e+02 2.98393070e+27
5.89377449e+02 1.63221563e+27
5.89380744e+02 -1.19513364e+27
5.89384039e+02 -4.73722957e+27
5.89387334e+02 -8.55643218e+27
5.89390629e+02 -8.30564770e+27
5.89393924e+02 -5.51505092e+27
5.89397220e+02 -2.13966690e+27
5.89400515e+02 2.14232526e+27
5.89403810e+02 7.01319321e+27
5.89407105e+02 1.19581534e+28
5.89410400e+02 1.17107113e+28
5.89413695e+02 5.99926756e+27
5.89416990e+02 4.50817144e+27
5.89420285e+02 -1.13164356e+27
5.89423581e+02 -1.82084692e+27
5.89426876e+02 -3.36512824e+27
5.89430171e+02 -1.78420611e+27
5.89433466e+02 -2.69617049e+25
5.89436761e+02 7.57444515e+26
5.89440056e+02 1.10929442e+27
5.89443351e+02 2.48838156e+26
5.89446646e+02 -2.98875959e+27
5.89449941e+02 -9.58215330e+26
5.89453237e+02 1.71184297e+27
5.89456532e+02 -1.85715859e+26
5.89459827e+02 -3.43367400e+27
5.89463122e+02 -7.33264340e+27
5.89466417e+02 -2.35775427e+27
5.89469712e+02 2.28846787e+27
5.89473007e+02 7.28784803e+27
5.89476302e+02 9.92463037e+27
5.89479598e+02 1.00904447e+28
5.89482893e+02 5.41122951e+27
5.89486188e+02 6.21813369e+27
5.89489483e+02 4.28770086e+27
5.89492778e+02 5.13087548e+27
5.89496073e+02 6.28707166e+27
5.89499368e+02 3.82438310e+27
5.89502663e+02 7.12496989e+27
5.89505959e+02 4.10335320e+26
5.89509254e+02 -4.78753307e+27
5.89512549e+02 -4.68450731e+27
5.89515844e+02 -1.03375453e+27
5.89519139e+02 1.14940217e+27
5.89522434e+02 5.87741181e+27
5.89525729e+02 3.50693357e+27
5.89529024e+02 3.73244266e+27
5.89532319e+02 1.28704222e+27
5.89535615e+02 -1.64746274e+27
5.89538910e+02 -8.76350677e+26
5.89542205e+02 -2.64974271e+25
5.89545500e+02 -8.39400426e+26
5.89548795e+02 2.68583849e+26
5.89552090e+02 -1.19846598e+27
5.89555385e+02 1.22162851e+26
5.89558680e+02 6.74045456e+26
5.89561976e+02 -7.77895384e+26
5.89565271e+02 2.67214438e+27
5.89568566e+02 2.35578692e+27
5.89571861e+02 -3.07776259e+26
5.89575156e+02 8.40078467e+26
5.89578451e+02 1.34665946e+27
5.89581746e+02 1.88108633e+27
5.89585041e+02 4.20721277e+27
5.89588336e+02 -4.55062087e+26
5.89591632e+02 -2.47781158e+27
5.89594927e+02 -2.15610537e+27
5.89598222e+02 -6.28346080e+27
5.89601517e+02 -4.54981534e+27
5.89604812e+02 1.39476026e+27
5.89608107e+02 4.28688703e+27
5.89611402e+02 4.32210946e+27
5.89614697e+02 2.86380235e+27
5.89617993e+02 1.59268568e+27
5.89621288e+02 -2.87663371e+27
5.89624583e+02 -2.44061526e+27
5.89627878e+02 -1.64668589e+27
5.89631173e+02 1.07871007e+26
5.89634468e+02 3.74255517e+26
5.89637763e+02 -1.83986199e+27
5.89641058e+02 -2.16565081e+27
5.89644353e+02 1.36892469e+27
5.89647649e+02 1.68614468e+27
5.89650944e+02 1.20917587e+27
5.89654239e+02 -3.03203687e+27
5.89657534e+02 -2.03070688e+27
5.89660829e+02 -3.27886889e+26
5.89664124e+02 -1.06928666e+27
5.89667419e+02 1.01181615e+27
5.89670714e+02 -2.44148358e+27
5.89674010e+02 -2.11786717e+27
5.89677305e+02 -3.38784719e+27
5.89680600e+02 -2.64458438e+27
5.89683895e+02 -4.16718161e+27
5.89687190e+02 -8.97352768e+27
5.89690485e+02 -1.05025301e+28
5.89693780e+02 -5.39145694e+27
5.89697075e+02 4.46724972e+27
5.89700370e+02 2.13194875e+28
5.89703666e+02 2.98628584e+28
5.89706961e+02 3.00376263e+28
5.89710256e+02 2.00979883e+28
5.89713551e+02 1.32055199e+28
5.89716846e+02 6.77908900e+27
5.89720141e+02 4.08385451e+27
5.89723436e+02 1.02451428e+27
5.89726731e+02 1.47490845e+27
5.89730027e+02 2.22556273e+27
5.89733322e+02 -1.08063618e+26
5.89736617e+02 1.89805011e+27
5.89739912e+02 1.86290410e+27
5.89743207e+02 -2.50772954e+26
5.89746502e+02 1.20008138e+27
5.89749797e+02 1.37545745e+27
5.89753092e+02 3.34002740e+27
5.89756387e+02 5.28130002e+27
5.89759683e+02 4.32111117e+27
5.89762978e+02 5.54006960e+27
5.89766273e+02 3.01395350e+27
5.89769568e+02 5.00886386e+27
5.89772863e+02 4.66102118e+27
5.89776158e+02 1.73189353e+27
5.89779453e+02 -9.10506787e+26
5.89782748e+02 2.32378818e+26
5.89786044e+02 5.91274683e+26
5.89789339e+02 2.27616351e+27
5.89792634e+02 1.43198107e+27
5.89795929e+02 1.14129851e+27
5.89799224e+02 3.69489185e+27
5.89802519e+02 -3.83360681e+26
5.89805814e+02 -1.67928937e+27
5.89809109e+02 -1.52068410e+27
5.89812404e+02 -3.68150800e+27
5.89815700e+02 3.05524644e+27
5.89818995e+02 4.09962334e+27
5.89822290e+02 6.53476508e+27
5.89825585e+02 1.33819554e+27
5.89828880e+02 5.15171654e+27
5.89832175e+02 3.82959762e+27
5.89835470e+02 1.66648055e+27
5.89838765e+02 1.02213052e+27
5.89842061e+02 -2.76038369e+27
5.89845356e+02 -6.24833948e+27
5.89848651e+02 -3.16142624e+27
5.89851946e+02 7.78781123e+25
5.89855241e+02 5.93512960e+27
5.89858536e+02 5.23173621e+27
5.89861831e+02 2.78521732e+27
5.89865126e+02 3.44505067e+26
5.89868421e+02 3.06915770e+27
5.89871717e+02 -1.71274152e+27
5.89875012e+02 8.06479963e+25
5.89878307e+02 3.80675014e+27
5.89881602e+02 1.15602134e+26
5.89884897e+02 -1.28662104e+27
5.89888192e+02 -2.51649260e+26
5.89891487e+02 -4.96849357e+26
5.89894782e+02 -9.41745503e+26
5.89898078e+02 1.88930655e+27
5.89901373e+02 -6.69302825e+26
5.89904668e+02 -4.51140414e+27
5.89907963e+02 -4.36297068e+27
5.89911258e+02 -3.09578829e+27
5.89914553e+02 2.72075918e+27
5.89917848e+02 -2.11925373e+27
5.89921143e+02 -1.53722491e+27
5.89924438e+02 -9.23806360e+26
5.89927734e+02 -4.35125880e+26
5.89931029e+02 6.37524031e+26
5.89934324e+02 -1.69572906e+27
5.89937619e+02 -4.34763248e+27
5.89940914e+02 -2.78074035e+27
5.89944209e+02 1.17279939e+27
5.89947504e+02 2.45488420e+27
5.89950799e+02 -1.70786015e+27
5.89954095e+02 -4.19800545e+27
5.89957390e+02 -8.14672193e+26
5.89960685e+02 5.23433105e+26
5.89963980e+02 4.41468409e+27
5.89967275e+02 4.76647938e+27
5.89970570e+02 5.10242999e+26
5.89973865e+02 -5.80315073e+27
5.89977160e+02 -9.81546244e+27
5.89980455e+02 -7.06350427e+27
5.89983751e+02 9.65043727e+27
5.89987046e+02 8.19504332e+27
5.89990341e+02 6.02724045e+27
5.89993636e+02 4.97211428e+27
5.89996931e+02 2.88925942e+27
5.90000226e+02 1.70274910e+26
5.90003521e+02 -8.09620198e+26
5.90006816e+02 4.11146348e+26
5.90010112e+02 -1.27384346e+27
5.90013407e+02 8.70788258e+26
5.90016702e+02 5.92413993e+26
5.90019997e+02 2.86381385e+27
5.90023292e+02 1.10442843e+26
5.90026587e+02 -5.80064705e+27
5.90029882e+02 -9.39522414e+27
5.90033177e+02 -7.70794673e+27
5.90036472e+02 -6.48509861e+27
5.90039768e+02 -2.57537760e+27
5.90043063e+02 -2.06244786e+26
5.90046358e+02 2.94105423e+27
5.90049653e+02 -5.37136675e+26
5.90052948e+02 2.09753035e+27
5.90056243e+02 -4.16208865e+27
5.90059538e+02 -7.49998302e+27
5.90062833e+02 -4.52805258e+27
5.90066129e+02 -1.64740122e+27
5.90069424e+02 1.01469150e+26
5.90072719e+02 4.03245154e+27
5.90076014e+02 7.39180117e+27
5.90079309e+02 4.35826292e+27
5.90082604e+02 -7.43839191e+26
5.90085899e+02 -3.72051795e+27
5.90089194e+02 2.19529061e+26
5.90092489e+02 -2.76391384e+27
5.90095785e+02 -2.35894619e+27
5.90099080e+02 -1.86615957e+27
5.90102375e+02 -5.28063129e+26
5.90105670e+02 8.56698725e+25
5.90108965e+02 3.82918777e+26
5.90112260e+02 1.36832881e+27
5.90115555e+02 4.91619709e+26
5.90118850e+02 -1.14227399e+27
5.90122146e+02 -1.86044526e+27
5.90125441e+02 -1.84532284e+27
5.90128736e+02 2.99274278e+27
5.90132031e+02 2.89879758e+26
5.90135326e+02 -8.30587843e+26
5.90138621e+02 1.14658805e+27
5.90141916e+02 -8.72486059e+26
5.90145211e+02 -2.38486620e+27
5.90148506e+02 -3.73970173e+27
5.90151802e+02 -7.27529168e+27
5.90155097e+02 -5.40263013e+27
5.90158392e+02 -4.66854213e+27
5.90161687e+02 -9.75329422e+27
5.90164982e+02 -8.75580899e+27
5.90168277e+02 -5.41555521e+27
5.90171572e+02 -1.66344567e+27
5.90174867e+02 2.73036293e+27
5.90178163e+02 6.11692251e+27
5.90181458e+02 -1.28966792e+27
5.90184753e+02 -4.07024157e+27
5.90188048e+02 -3.20092434e+27
5.90191343e+02 -3.92267344e+27
5.90194638e+02 -3.89028576e+27
5.90197933e+02 -6.02911253e+27
5.90201228e+02 -9.09504362e+27
5.90204523e+02 -7.91163004e+27
5.90207819e+02 -8.13581303e+27
5.90211114e+02 -6.99299095e+27
5.90214409e+02 -4.42222261e+27
5.90217704e+02 -6.64749253e+27
5.90220999e+02 -3.50843747e+27
5.90224294e+02 -5.09205692e+27
5.90227589e+02 -4.95561421e+27
5.90230884e+02 -5.58328771e+27
5.90234180e+02 -4.12171209e+27
5.90237475e+02 -6.27140111e+27
5.90240770e+02 -4.21073998e+27
5.90244065e+02 -1.42807476e+27
5.90247360e+02 -6.44432246e+27
5.90250655e+02 -5.24113082e+27
5.90253950e+02 -6.47910077e+27
5.90257245e+02 -8.25319713e+27
5.90260540e+02 -7.59862484e+27
5.90263836e+02 -5.43927402e+27
5.90267131e+02 -4.25734945e+27
5.90270426e+02 -2.98939641e+27
5.90273721e+02 -2.32277556e+27
5.90277016e+02 -4.65754671e+27
5.90280311e+02 -7.13954204e+27
5.90283606e+02 -3.84356853e+27
5.90286901e+02 -8.12126136e+27
5.90290197e+02 -4.00228259e+27
5.90293492e+02 -9.76094665e+26
5.90296787e+02 -1.21587006e+27
5.90300082e+02 2.54975223e+26
5.90303377e+02 -9.24043634e+27
5.90306672e+02 -1.33995322e+28
5.90309967e+02 -1.21781004e+28
5.90313262e+02 -3.15887397e+27
5.90316557e+02 2.25894893e+27
5.90319853e+02 2.37553746e+27
5.90323148e+02 2.72985416e+27
5.90326443e+02 -2.03585913e+27
5.90329738e+02 -5.24477996e+27
5.90333033e+02 -3.60728089e+27
5.90336328e+02 -6.01924177e+27
5.90339623e+02 -6.06881826e+27
5.90342918e+02 -9.03142755e+27
5.90346214e+02 -1.00936255e+28
5.90349509e+02 -1.08928502e+28
5.90352804e+02 -1.01343412e+28
5.90356099e+02 -5.01804732e+27
5.90359394e+02 -8.95201396e+26
5.90362689e+02 -3.70168715e+27
5.90365984e+02 -6.32193381e+27
5.90369279e+02 -6.39133509e+27
5.90372574e+02 -6.89097750e+27
5.90375870e+02 -5.49947623e+27
5.90379165e+02 -6.04545219e+27
5.90382460e+02 7.55225047e+25
5.90385755e+02 3.25982864e+27
5.90389050e+02 -1.40221003e+27
5.90392345e+02 -2.95233702e+26
5.90395640e+02 -1.14220160e+27
5.90398935e+02 9.12189510e+26
5.90402231e+02 -2.74872749e+26
5.90405526e+02 3.89361435e+27
5.90408821e+02 8.97875324e+27
5.90412116e+02 1.61547741e+28
5.90415411e+02 3.79094341e+28
