# Wavelength Flux(MR)
5.89097364e+02 -5.48364323e+28
5.89100659e+02 -1.96810902e+28
5.89103954e+02 2.00783255e+28
5.89107249e+02 4.09167632e+28
5.89110544e+02 3.08962710e+28
5.89113839e+02 1.87967762e+28
5.89117135e+02 9.35504245e+27
5.89120430e+02 2.89556912e+27
5.89123725e+02 1.53062224e+27
5.89127020e+02 3.74252502e+27
5.89130315e+02 9.83443440e+27
5.89133610e+02 1.24764512e+28
5.89136905e+02 1.00271774e+28
5.89140200e+02 1.04968947e+28
5.89143496e+02 8.25059864e+27
5.89146791e+02 2.75837920e+27
5.89150086e+02 3.31463784e+27
5.89153381e+02 4.14870792e+27
5.89156676e+02 3.79072722e+27
5.89159971e+02 9.96912181e+26
5.89163266e+02 -2.36613857e+27
5.89166561e+02 -4.03764060e+27
5.89169856e+02 -2.79209918e+27
5.89173152e+02 1.10167102e+27
5.89176447e+02 5.87987185e+27
5.89179742e+02 6.83609473e+27
5.89183037e+02 4.89260432e+27
5.89186332e+02 3.88194786e+27
5.89189627e+02 3.43483718e+27
5.89192922e+02 4.53528718e+27
5.89196217e+02 1.13311845e+27
5.89199513e+02 2.24900972e+27
5.89202808e+02 4.89846311e+26
5.89206103e+02 3.04966953e+26
5.89209398e+02 -1.96812841e+27
5.89212693e+02 -1.85093707e+27
5.89215988e+02 -4.43991081e+27
5.89219283e+02 -6.22097874e+27
5.89222578e+02 -3.49255037e+27
5.89225873e+02 -6.58957531e+26
5.89229169e+02 -1.60873389e+27
5.89232464e+02 3.04654994e+27
5.89235759e+02 4.18356974e+27
5.89239054e+02 2.61131219e+27
5.89242349e+02 3.79996627e+27
5.89245644e+02 2.57024166e+27
5.89248939e+02 3.52746081e+27
5.89252234e+02 2.76357030e+27
5.89255530e+02 -6.26982495e+26
5.89258825e+02 4.42029028e+26
5.89262120e+02 2.88018180e+27
5.89265415e+02 2.37105693e+27
5.89268710e+02 1.96658345e+27
5.89272005e+02 2.22612169e+27
5.89275300e+02 -2.31225297e+27
5.89278595e+02 -2.84120694e+27
5.89281890e+02 2.28670890e+27
5.89285186e+02 3.30748934e+27
5.89288481e+02 3.60748349e+27
5.89291776e+02 1.49151260e+27
5.89295071e+02 1.80465012e+25
5.89298366e+02 2.70304007e+27
5.89301661e+02 3.03137069e+27
5.89304956e+02 -3.34242108e+27
5.89308251e+02 -5.19489006e+27
5.89311547e+02 -5.37508925e+27
5.89314842e+02 -6.47789321e+26
5.89318137e+02 -2.21261980e+27
5.89321432e+02 -4.26744952e+27
5.89324727e+02 -1.04125536e+28
5.89328022e+02 -8.87744246e+27
5.89331317e+02 4.05355996e+27
5.89334612e+02 1.45364271e+28
5.89337907e+02 1.75343607e+28
5.89341203e+02 1.19260672e+28
5.89344498e+02 6.72891897e+27
5.89347793e+02 4.19859556e+27
5.89351088e+02 4.18761298e+27
5.89354383e+02 5.65387673e+27
5.89357678e+02 7.88956088e+27
5.89360973e+02 1.95348873e+27
5.89364268e+02 2.36096035e+26
5.89367564e+02 -4.20201480e+26
5.89370859e+02 -4.10652892e+27
5.89374154e+02 -3.03111133e+27
5.89377449e+02 -1.95094806e+27
5.89380744e+02 -3.63631855e+27
5.89384039e+02 -7.91931451e+27
5.89387334e+02 -1.18017937e+28
5.89390629e+02 -1.28348816e+28
5.89393924e+02 -6.71079821e+27
5.89397220e+02 -1.40735077e+27
5.89400515e+02 2.54908308e+27
5.89403810e+02 8.15378179e+27
5.89407105e+02 1.21661339e+28
5.89410400e+02 1.32127843e+28
5.89413695e+02 1.13847116e+28
5.89416990e+02 6.05629081e+27
5.89420285e+02 1.47063732e+27
5.89423581e+02 -1.24512361e+27
5.89426876e+02 -1.13162223e+27
5.89430171e+02 3.29825674e+27
5.89433466e+02 1.49078445e+27
5.89436761e+02 4.27973847e+26
5.89440056e+02 -6.41192183e+26
5.89443351e+02 -2.06197305e+27
5.89446646e+02 -1.49021796e+27
5.89449941e+02 3.26974683e+27
5.89453237e+02 2.29452006e+27
5.89456532e+02 -2.30087669e+27
5.89459827e+02 -4.23213508e+26
5.89463122e+02 -6.89182879e+27
5.89466417e+02 -6.02297527e+27
5.89469712e+02 5.77735947e+27
5.89473007e+02 8.18077745e+27
5.89476302e+02 7.75832498e+27
5.89479598e+02 6.75370378e+27
5.89482893e+02 7.01725193e+27
5.89486188e+02 1.77623137e+27
5.89489483e+02 5.03595218e+27
5.89492778e+02 3.99363915e+27
5.89496073e+02 3.47941837e+27
5.89499368e+02 2.09863823e+27
5.89502663e+02 5.08939029e+26
5.89505959e+02 -1.49113808e+27
5.89509254e+02 -7.05599682e+27
5.89512549e+02 -5.03587386e+27
5.89515844e+02 -5.21889000e+27
5.89519139e+02 1.91888352e+27
5.89522434e+02 6.13364341e+27
5.89525729e+02 4.06696405e+27
5.89529024e+02 5.83576553e+27
5.89532319e+02 2.76005302e+27
5.89535615e+02 3.03037743e+27
5.89538910e+02 -1.92779667e+27
5.89542205e+02 -2.18547355e+27
5.89545500e+02 -4.05450438e+27
5.89548795e+02 -3.84040134e+26
5.89552090e+02 2.70147996e+27
5.89555385e+02 2.76329251e+27
5.89558680e+02 -1.97025507e+26
5.89561976e+02 -7.28956843e+25
5.89565271e+02 3.12917967e+26
5.89568566e+02 1.61404146e+27
5.89571861e+02 8.51228651e+26
5.89575156e+02 3.44754792e+27
5.89578451e+02 1.93295036e+27
5.89581746e+02 2.92474213e+25
5.89585041e+02 2.24827794e+27
5.89588336e+02 1.48572808e+27
5.89591632e+02 2.02683356e+27
5.89594927e+02 -1.70361632e+27
5.89598222e+02 -6.31071235e+27
5.89601517e+02 -5.29223994e+27
5.89604812e+02 -2.02512179e+26
5.89608107e+02 3.14126088e+27
5.89611402e+02 2.40168010e+27
5.89614697e+02 -2.92982662e+26
5.89617993e+02 3.42813796e+26
5.89621288e+02 -1.33363703e+27
5.89624583e+02 1.77263024e+26
5.89627878e+02 1.51779022e+27
5.89631173e+02 -1.33089838e+27
5.89634468e+02 -1.63276373e+27
5.89637763e+02 1.46520184e+27
5.89641058e+02 1.53892027e+27
5.89644353e+02 9.22541155e+26
5.89647649e+02 -7.73440669e+26
5.89650944e+02 -5.23534199e+27
5.89654239e+02 -3.57399281e+27
5.89657534e+02 -3.20455279e+27
5.89660829e+02 -2.48906863e+26
5.89664124e+02 -1.03777118e+27
5.89667419e+02 -3.12759830e+27
5.89670714e+02 -1.40385869e+27
5.89674010e+02 -4.64172974e+27
5.89677305e+02 -4.36003365e+27
5.89680600e+02 -8.54604123e+27
5.89683895e+02 -9.90489800e+27
5.89687190e+02 -1.28545357e+28
5.89690485e+02 -1.18116845e+28
5.89693780e+02 -8.18434934e+27
5.89697075e+02 6.26986297e+27
5.89700370e+02 2.19820746e+28
5.89703666e+02 3.37006634e+28
5.89706961e+02 3.53141424e+28
5.89710256e+02 2.19230874e+28
5.89713551e+02 1.76308986e+28
5.89716846e+02 1.24113197e+28
5.89720141e+02 7.11227143e+27
5.89723436e+02 5.73885282e+27
5.89726731e+02 3.01576583e+27
5.89730027e+02 3.36618975e+27
5.89733322e+02 2.50914243e+27
5.89736617e+02 1.51707876e+27
5.89739912e+02 4.47698892e+27
5.89743207e+02 1.10044762e+27
5.89746502e+02 2.13673572e+27
5.89749797e+02 4.35452893e+27
5.89753092e+02 5.15987490e+27
5.89756387e+02 7.99107326e+27
5.89759683e+02 9.76163841e+27
5.89762978e+02 7.69869434e+27
5.89766273e+02 6.34596480e+27
5.89769568e+02 7.72712531e+27
5.89772863e+02 6.53454719e+27
5.89776158e+02 2.96791361e+27
5.89779453e+02 1.60046631e+27
5.89782748e+02 4.70896068e+27
5.89786044e+02 1.85453969e+27
5.89789339e+02 3.31166639e+27
5.89792634e+02 3.68830669e+27
5.89795929e+02 2.37300522e+27
5.89799224e+02 5.55827680e+25
5.89802519e+02 -3.39958346e+27
5.89805814e+02 -2.46454022e+27
5.89809109e+02 -4.98737719e+27
5.89812404e+02 -1.28202807e+25
5.89815700e+02 -1.18321900e+26
5.89818995e+02 2.75313599e+27
5.89822290e+02 5.40607705e+27
5.89825585e+02 1.19439305e+27
5.89828880e+02 -9.43617265e+26
5.89832175e+02 2.68553430e+27
5.89835470e+02 -2.54448263e+26
5.89838765e+02 -4.76284343e+27
5.89842061e+02 -5.39453375e+27
5.89845356e+02 -7.11832331e+27
5.89848651e+02 -3.40476110e+27
5.89851946e+02 1.82871124e+27
5.89855241e+02 4.38739940e+27
5.89858536e+02 5.12275625e+27
5.89861831e+02 2.19620316e+27
5.89865126e+02 1.63058308e+27
5.89868421e+02 8.55826377e+26
5.89871717e+02 1.19672886e+27
5.89875012e+02 4.61467140e+26
5.89878307e+02 7.06457673e+26
5.89881602e+02 1.91163831e+27
5.89884897e+02 5.14782135e+27
5.89888192e+02 -8.29897046e+26
5.89891487e+02 -9.17275469e+25
5.89894782e+02 -2.94497871e+27
5.89898078e+02 -1.22292970e+27
5.89901373e+02 -2.26315148e+27
5.89904668e+02 -4.21359080e+27
5.89907963e+02 -6.64036846e+27
5.89911258e+02 -5.57701905e+27
5.89914553e+02 2.42603538e+27
5.89917848e+02 -1.19845861e+27
5.89921143e+02 -1.43503148e+27
5.89924438e+02 -1.41382519e+27
5.89927734e+02 -8.20635191e+26
5.89931029e+02 -1.76764187e+27
5.89934324e+02 -1.55254114e+27
5.89937619e+02 -1.79147794e+26
5.89940914e+02 6.39689525e+25
5.89944209e+02 1.98608137e+27
5.89947504e+02 -1.29389126e+26
5.89950799e+02 -1.35780427e+27
5.89954095e+02 -2.90364918e+27
5.89957390e+02 1.43356825e+27
5.89960685e+02 4.28380048e+26
5.89963980e+02 5.87449509e+27
5.89967275e+02 4.67789438e+27
5.89970570e+02 -3.84069879e+27
5.89973865e+02 -7.74027946e+27
5.89977160e+02 -1.25444894e+28
5.89980455e+02 -7.94196290e+27
5.89983751e+02 5.34335747e+27
5.89987046e+02 1.34440328e+28
5.89990341e+02 9.70684043e+27
5.89993636e+02 7.45718513e+27
5.89996931e+02 4.87337785e+27
5.90000226e+02 4.96462724e+26
5.90003521e+02 1.66337238e+27
5.90006816e+02 4.62615029e+26
5.90010112e+02 8.07863063e+26
5.90013407e+02 3.01981675e+27
5.90016702e+02 5.03083764e+27
5.90019997e+02 5.68197845e+26
5.90023292e+02 -2.07294359e+26
5.90026587e+02 -4.15328758e+27
5.90029882e+02 -8.57782368e+27
5.90033177e+02 -9.25783250e+27
5.90036472e+02 -6.79003508e+27
5.90039768e+02 -2.38936827e+27
5.90043063e+02 3.56765351e+27
5.90046358e+02 4.10070748e+27
5.90049653e+02 4.20178785e+27
5.90052948e+02 -1.47960396e+27
5.90056243e+02 -4.28053085e+27
5.90059538e+02 -1.02021836e+28
5.90062833e+02 -7.44302844e+27
5.90066129e+02 7.11074594e+26
5.90069424e+02 7.18503764e+27
5.90072719e+02 6.23025205e+27
5.90076014e+02 6.87426395e+27
5.90079309e+02 4.73976306e+27
5.90082604e+02 3.04560447e+27
5.90085899e+02 -1.20399825e+27
5.90089194e+02 7.36357071e+26
5.90092489e+02 -3.75226711e+27
5.90095785e+02 3.43974136e+26
5.90099080e+02 2.41823658e+27
5.90102375e+02 1.44569324e+27
5.90105670e+02 1.88177240e+25
5.90108965e+02 -1.91386958e+27
5.90112260e+02 -6.52678015e+25
5.90115555e+02 1.16808596e+27
5.90118850e+02 4.66750962e+26
5.90122146e+02 1.69152282e+27
5.90125441e+02 1.94854296e+27
5.90128736e+02 1.84499495e+27
5.90132031e+02 1.50786631e+26
5.90135326e+02 -1.15093501e+27
5.90138621e+02 3.51916252e+27
5.90141916e+02 2.46745936e+27
5.90145211e+02 1.02699745e+27
5.90148506e+02 -6.17892544e+27
5.90151802e+02 -6.99026142e+27
5.90155097e+02 -6.65171052e+27
5.90158392e+02 -5.42300225e+27
5.90161687e+02 -7.78671618e+27
5.90164982e+02 -8.42616860e+27
5.90168277e+02 -9.06060921e+27
5.90171572e+02 -1.63383131e+26
5.90174867e+02 7.35846628e+27
5.90178163e+02 8.25213659e+27
5.90181458e+02 6.68285059e+27
5.90184753e+02 1.57533028e+27
5.90188048e+02 -5.07814104e+27
5.90191343e+02 -2.65450456e+27
5.90194638e+02 -3.15937705e+27
5.90197933e+02 -1.89966419e+27
5.90201228e+02 -2.92679347e+27
5.90204523e+02 -3.81783926e+27
5.90207819e+02 -4.05072328e+27
5.90211114e+02 -6.29317731e+27
5.90214409e+02 -2.90850227e+27
5.90217704e+02 -2.62276072e+27
5.90220999e+02 -1.08404442e+27
5.90224294e+02 -1.83919190e+27
5.90227589e+02 -7.80663787e+26
5.90230884e+02 -1.60868812e+27
5.90234180e+02 -2.41285233e+27
5.90237475e+02 -5.64148968e+27
5.90240770e+02 -2.80453373e+27
5.90244065e+02 -2.86335588e+27
5.90247360e+02 1.32475279e+26
5.90250655e+02 -7.38111882e+27
5.90253950e+02 -9.12969248e+27
5.90257245e+02 -5.77243994e+27
5.90260540e+02 -2.66872863e+27
5.90263836e+02 -1.07626670e+27
5.90267131e+02 -2.60140766e+27
5.90270426e+02 -2.41248596e+27
5.90273721e+02 -1.06265414e+27
5.90277016e+02 -4.03706741e+27
5.90280311e+02 -6.43244653e+27
5.90283606e+02 -3.28897146e+27
5.90286901e+02 -5.80190222e+27
5.90290197e+02 -5.92436969e+27
5.90293492e+02 -2.52955068e+27
5.90296787e+02 1.98344335e+27
5.90300082e+02 -2.26029463e+27
5.90303377e+02 -8.42440698e+27
5.90306672e+02 -1.32371083e+28
5.90309967e+02 -1.52844052e+28
5.90313262e+02 -4.05933878e+27
5.90316557e+02 6.02887353e+27
5.90319853e+02 9.35989211e+27
5.90323148e+02 8.38883530e+27
5.90326443e+02 3.95777878e+27
5.90329738e+02 -1.09317466e+27
5.90333033e+02 -4.62066448e+27
5.90336328e+02 -1.90969922e+27
5.90339623e+02 -2.12856563e+27
5.90342918e+02 -5.77918907e+27
5.90346214e+02 -7.83371846e+27
5.90349509e+02 -6.45670360e+27
5.90352804e+02 -8.08489600e+27
5.90356099e+02 -4.16211938e+27
5.90359394e+02 -3.80036129e+27
5.90362689e+02 -1.35338740e+27
5.90365984e+02 -5.64950770e+27
5.90369279e+02 -5.71702356e+27
5.90372574e+02 -5.35260026e+27
5.90375870e+02 -7.85611937e+27
5.90379165e+02 -3.74022958e+27
5.90382460e+02 -1.50127786e+27
5.90385755e+02 1.85556237e+27
5.90389050e+02 -1.10297088e+27
5.90392345e+02 -1.03669504e+27
5.90395640e+02 -1.67625772e+27
5.90398935e+02 -5.57131545e+26
5.90402231e+02 -6.43084571e+26
5.90405526e+02 3.50386986e+27
5.90408821e+02 1.18038012e+28
5.90412116e+02 2.05280170e+28
5.90415411e+02 3.90166106e+28
