# Wavelength Flux(MR)
5.89097364e+02 -4.00368263e+28
5.89100659e+02 -4.54304631e+27
5.89103954e+02 3.09986661e+28
5.89107249e+02 4.82866310e+28
5.89110544e+02 4.47103142e+28
5.89113839e+02 2.62044106e+28
5.89117135e+02 1.85554465e+28
5.89120430e+02 1.46448492e+28
5.89123725e+02 5.42349657e+27
5.89127020e+02 1.14581395e+28
5.89130315e+02 1.97926923e+28
5.89133610e+02 2.35569514e+28
5.89136905e+02 2.04650369e+28
5.89140200e+02 2.24431774e+28
5.89143496e+02 1.27929218e+28
5.89146791e+02 9.61196230e+27
5.89150086e+02 9.50856228e+27
5.89153381e+02 9.08708832e+27
5.89156676e+02 1.16607817e+28
5.89159971e+02 1.01549450e+28
5.89163266e+02 8.16977137e+27
5.89166561e+02 6.37039215e+27
5.89169856e+02 8.81850580e+27
5.89173152e+02 1.48505730e+28
5.89176447e+02 1.72205706e+28
5.89179742e+02 1.51527097e+28
5.89183037e+02 1.26932901e+28
5.89186332e+02 8.05261619e+27
5.89189627e+02 6.99839716e+27
5.89192922e+02 6.45568211e+27
5.89196217e+02 1.24444806e+28
5.89199513e+02 9.23200805e+27
5.89202808e+02 6.43244958e+27
5.89206103e+02 7.53966197e+27
5.89209398e+02 3.16643444e+27
5.89212693e+02 1.02366899e+28
5.89215988e+02 3.82538638e+27
5.89219283e+02 6.78892293e+27
5.89222578e+02 3.40784965e+27
5.89225873e+02 8.04069463e+27
5.89229169e+02 6.34187732e+27
5.89232464e+02 8.81686881e+27
5.89235759e+02 1.03994883e+28
5.89239054e+02 9.29369267e+27
5.89242349e+02 1.66576334e+28
5.89245644e+02 1.33352933e+28
5.89248939e+02 1.21190762e+28
5.89252234e+02 1.53840606e+28
5.89255530e+02 1.13413021e+28
5.89258825e+02 9.73074223e+27
5.89262120e+02 1.27429575e+28
5.89265415e+02 1.50299799e+28
5.89268710e+02 1.61595177e+28
5.89272005e+02 1.20837080e+28
5.89275300e+02 9.99207337e+27
5.89278595e+02 9.48847238e+27
5.89281890e+02 8.94279131e+27
5.89285186e+02 1.00950477e+28
5.89288481e+02 1.38189598e+28
5.89291776e+02 1.72785121e+28
5.89295071e+02 1.35066194e+28
5.89298366e+02 1.07412694e+28
5.89301661e+02 1.12587998e+28
5.89304956e+02 1.24699299e+28
5.89308251e+02 7.50009741e+27
5.89311547e+02 5.69419177e+27
5.89314842e+02 1.02821923e+28
5.89318137e+02 1.04928772e+28
5.89321432e+02 9.06194266e+27
5.89324727e+02 1.96406636e+27
5.89328022e+02 7.17055914e+27
5.89331317e+02 1.60113097e+28
5.89334612e+02 2.08972841e+28
5.89337907e+02 2.09221539e+28
5.89341203e+02 1.69491779e+28
5.89344498e+02 1.58018125e+28
5.89347793e+02 1.08594330e+28
5.89351088e+02 1.31456524e+28
5.89354383e+02 1.45718975e+28
5.89357678e+02 1.61843591e+28
5.89360973e+02 1.57859462e+28
5.89364268e+02 1.80448392e+28
5.89367564e+02 1.41609582e+28
5.89370859e+02 1.02656046e+28
5.89374154e+02 1.48505102e+28
5.89377449e+02 1.42522222e+28
5.89380744e+02 9.35338051e+27
5.89384039e+02 3.58624015e+27
5.89387334e+02 6.12012471e+26
5.89390629e+02 3.89540883e+27
5.89393924e+02 2.28177635e+27
5.89397220e+02 3.48716670e+27
5.89400515e+02 4.74855492e+27
5.89403810e+02 1.35583497e+28
5.89407105e+02 1.62675850e+28
5.89410400e+02 1.51174934e+28
5.89413695e+02 1.25012305e+28
5.89416990e+02 1.03672490e+28
5.89420285e+02 3.81781996e+27
5.89423581e+02 4.61699957e+27
5.89426876e+02 2.72483986e+27
5.89430171e+02 2.94268558e+27
5.89433466e+02 4.28846940e+27
5.89436761e+02 2.70963552e+27
5.89440056e+02 1.86945348e+27
5.89443351e+02 4.19957477e+27
5.89446646e+02 -9.87518887e+26
5.89449941e+02 1.37500291e+27
5.89453237e+02 4.74606484e+27
5.89456532e+02 5.33052294e+27
5.89459827e+02 4.72907765e+27
5.89463122e+02 1.61883152e+27
5.89466417e+02 2.91435199e+27
5.89469712e+02 1.17870248e+28
5.89473007e+02 1.22670805e+28
5.89476302e+02 1.76906345e+28
5.89479598e+02 1.70667327e+28
5.89482893e+02 9.59926350e+27
5.89486188e+02 1.04838236e+28
5.89489483e+02 1.29311706e+28
5.89492778e+02 1.57949845e+28
5.89496073e+02 1.64199114e+28
5.89499368e+02 1.08475605e+28
5.89502663e+02 9.67827223e+27
5.89505959e+02 1.21245239e+28
5.89509254e+02 1.46226808e+27
5.89512549e+02 -1.14023856e+26
5.89515844e+02 7.44383333e+27
5.89519139e+02 6.30115424e+27
5.89522434e+02 6.23897506e+27
5.89525729e+02 8.20127957e+27
5.89529024e+02 2.85275523e+27
5.89532319e+02 -1.55919960e+27
5.89535615e+02 3.44120734e+27
5.89538910e+02 4.86327233e+27
5.89542205e+02 1.04528989e+27
5.89545500e+02 3.18878046e+27
5.89548795e+02 2.36293319e+27
5.89552090e+02 4.24600601e+26
5.89555385e+02 5.92690088e+26
5.89558680e+02 7.92900524e+26
5.89561976e+02 2.10379554e+27
5.89565271e+02 6.29940770e+27
5.89568566e+02 1.61049602e+27
5.89571861e+02 -2.51390016e+27
5.89575156e+02 2.11131991e+27
5.89578451e+02 4.65801561e+27
5.89581746e+02 3.73404936e+27
5.89585041e+02 3.88900434e+27
5.89588336e+02 5.73523707e+27
5.89591632e+02 6.36203275e+27
5.89594927e+02 5.07934575e+27
5.89598222e+02 -1.10482460e+27
5.89601517e+02 -1.04816357e+27
5.89604812e+02 2.16874572e+27
5.89608107e+02 3.76726949e+27
5.89611402e+02 1.26349458e+27
5.89614697e+02 6.45990883e+26
5.89617993e+02 -1.55485220e+27
5.89621288e+02 -4.37378312e+26
5.89624583e+02 -1.36356192e+26
5.89627878e+02 -4.82868071e+26
5.89631173e+02 -7.44338650e+26
5.89634468e+02 4.43189718e+27
5.89637763e+02 3.44651016e+27
5.89641058e+02 7.35447084e+27
5.89644353e+02 8.23912150e+27
5.89647649e+02 4.35266972e+27
5.89650944e+02 3.44821154e+27
5.89654239e+02 4.66781244e+27
5.89657534e+02 5.26542905e+26
5.89660829e+02 7.37851528e+27
5.89664124e+02 9.05437474e+27
5.89667419e+02 1.13735056e+28
5.89670714e+02 8.08600211e+27
5.89674010e+02 6.14865885e+27
5.89677305e+02 5.52902997e+27
5.89680600e+02 3.05157791e+27
5.89683895e+02 -1.48722070e+26
5.89687190e+02 -3.47492357e+27
5.89690485e+02 -7.83170292e+27
5.89693780e+02 -9.34202164e+27
5.89697075e+02 2.86204000e+27
5.89700370e+02 1.18638332e+28
5.89703666e+02 2.83692275e+28
5.89706961e+02 2.97874617e+28
5.89710256e+02 1.27990142e+28
5.89713551e+02 2.59424603e+27
5.89716846e+02 -1.30617256e+27
5.89720141e+02 -7.68947731e+27
5.89723436e+02 -7.74260357e+27
5.89726731e+02 -5.20145380e+27
5.89730027e+02 -3.25016186e+27
5.89733322e+02 -7.74893400e+27
5.89736617e+02 -6.99885484e+27
5.89739912e+02 -3.28524549e+27
5.89743207e+02 -4.58846880e+27
5.89746502e+02 -3.30950161e+27
5.89749797e+02 -4.63209839e+27
5.89753092e+02 -4.10103083e+27
5.89756387e+02 -6.36691457e+27
5.89759683e+02 -6.11025490e+27
5.89762978e+02 -3.44113613e+27
5.89766273e+02 -2.35831496e+27
5.89769568e+02 -1.61876525e+27
5.89772863e+02 2.94613880e+27
5.89776158e+02 -2.19045834e+26
5.89779453e+02 1.24570649e+27
5.89782748e+02 3.99905539e+26
5.89786044e+02 3.72669683e+27
5.89789339e+02 6.18558711e+27
5.89792634e+02 5.51129936e+26
5.89795929e+02 1.87865053e+27
5.89799224e+02 7.62430275e+26
5.89802519e+02 4.43389984e+27
5.89805814e+02 -2.03757194e+27
5.89809109e+02 -1.88442804e+27
5.89812404e+02 5.81970785e+27
5.89815700e+02 5.08147372e+27
5.89818995e+02 8.64450266e+27
5.89822290e+02 6.59510850e+27
5.89825585e+02 5.45146723e+27
5.89828880e+02 1.01579253e+28
5.89832175e+02 1.23806278e+28
5.89835470e+02 1.36917241e+28
5.89838765e+02 7.32948334e+27
5.89842061e+02 -5.83343837e+26
5.89845356e+02 -5.74876530e+27
5.89848651e+02 -7.34094336e+27
5.89851946e+02 1.60371930e+27
5.89855241e+02 -1.04093717e+27
5.89858536e+02 2.34543167e+27
5.89861831e+02 -7.63242215e+25
5.89865126e+02 -3.75713475e+26
5.89868421e+02 1.53631876e+26
5.89871717e+02 3.44521678e+26
5.89875012e+02 -1.16079495e+27
5.89878307e+02 1.72162692e+27
5.89881602e+02 5.42601808e+27
5.89884897e+02 8.03927454e+26
5.89888192e+02 6.84765688e+26
5.89891487e+02 -4.02009370e+27
5.89894782e+02 -3.63223146e+27
5.89898078e+02 -4.59869194e+27
5.89901373e+02 -4.86932626e+27
5.89904668e+02 -5.37301094e+27
5.89907963e+02 -7.00731891e+27
5.89911258e+02 -6.66798464e+27
5.89914553e+02 -3.99665493e+27
5.89917848e+02 -7.62094255e+26
5.89921143e+02 -4.86656702e+27
5.89924438e+02 -2.87633745e+27
5.89927734e+02 -6.01283258e+27
5.89931029e+02 -7.15214632e+27
5.89934324e+02 -8.56354514e+27
5.89937619e+02 -5.22443717e+27
5.89940914e+02 -4.00606672e+26
5.89944209e+02 -5.22148187e+26
5.89947504e+02 -5.56419456e+26
5.89950799e+02 -1.11126496e+27
5.89954095e+02 -1.10337114e+27
5.89957390e+02 5.90537772e+27
5.89960685e+02 5.43380558e+27
5.89963980e+02 8.50637417e+27
5.89967275e+02 9.30886306e+27
5.89970570e+02 1.60835281e+27
5.89973865e+02 -6.88980863e+27
5.89977160e+02 -1.48689488e+28
5.89980455e+02 -7.65390717e+27
5.89983751e+02 2.45351856e+27
5.89987046e+02 9.95846639e+27
5.89990341e+02 6.20277286e+27
5.89993636e+02 4.59114293e+27
5.89996931e+02 2.27996827e+27
5.90000226e+02 -4.49757106e+27
5.90003521e+02 -5.74586552e+27
5.90006816e+02 -7.64371906e+27
5.90010112e+02 -7.33701433e+27
5.90013407e+02 -4.03175730e+27
5.90016702e+02 -4.40760558e+27
5.90019997e+02 2.39419173e+27
5.90023292e+02 -1.79961726e+27
5.90026587e+02 -7.50090429e+27
5.90029882e+02 -1.15646755e+28
5.90033177e+02 -1.67650287e+28
5.90036472e+02 -1.34061742e+28
5.90039768e+02 -1.30551671e+28
5.90043063e+02 -3.48289185e+27
5.90046358e+02 -9.38608155e+26
5.90049653e+02 -1.15079071e+27
5.90052948e+02 -1.31363294e+27
5.90056243e+02 -8.82921121e+27
5.90059538e+02 -1.14788817e+28
5.90062833e+02 -1.59719338e+28
5.90066129e+02 -9.23488670e+27
5.90069424e+02 -6.32725980e+27
5.90072719e+02 -2.31345085e+27
5.90076014e+02 -2.76295932e+27
5.90079309e+02 -3.42814897e+27
5.90082604e+02 -7.21597649e+27
5.90085899e+02 -1.19587685e+28
5.90089194e+02 -8.22075306e+27
5.90092489e+02 -1.04461292e+28
5.90095785e+02 -7.43097084e+27
5.90099080e+02 -8.26167009e+27
5.90102375e+02 -4.68502241e+27
5.90105670e+02 -5.26332171e+27
5.90108965e+02 -4.54742874e+27
5.90112260e+02 -5.52147816e+27
5.90115555e+02 -8.13696278e+27
5.90118850e+02 -4.19813334e+27
5.90122146e+02 -5.67956835e+27
5.90125441e+02 -5.12444209e+27
5.90128736e+02 -4.00750406e+27
5.90132031e+02 -5.80127203e+27
5.90135326e+02 -3.06794674e+27
5.90138621e+02 -4.49923683e+27
5.90141916e+02 -5.36864959e+27
5.90145211e+02 -3.24721292e+27
5.90148506e+02 -5.40631631e+27
5.90151802e+02 -1.20909166e+28
5.90155097e+02 -1.32435749e+28
5.90158392e+02 -6.88808885e+27
5.90161687e+02 -1.38467996e+28
5.90164982e+02 -1.86889676e+28
5.90168277e+02 -1.75229857e+28
5.90171572e+02 -6.97639065e+27
5.90174867e+02 -9.76962252e+27
5.90178163e+02 -1.36502801e+28
5.90181458e+02 -8.89882634e+27
5.90184753e+02 -1.09638965e+28
5.90188048e+02 -1.55925876e+28
5.90191343e+02 -1.55485376e+28
5.90194638e+02 -1.35818445e+28
5.90197933e+02 -1.57783426e+28
5.90201228e+02 -1.95412283e+28
5.90204523e+02 -2.27017231e+28
5.90207819e+02 -1.48933198e+28
5.90211114e+02 -1.14451759e+28
5.90214409e+02 -1.56394432e+28
5.90217704e+02 -1.34680352e+28
5.90220999e+02 -1.03159374e+28
5.90224294e+02 -9.33714337e+27
5.90227589e+02 -9.21951489e+27
5.90230884e+02 -1.12207219e+28
5.90234180e+02 -1.02866896e+28
5.90237475e+02 -8.89784465e+27
5.90240770e+02 -1.11365026e+28
5.90244065e+02 -8.92865713e+27
5.90247360e+02 -1.25990671e+28
5.90250655e+02 -1.13636229e+28
5.90253950e+02 -1.80448752e+28
5.90257245e+02 -1.87592694e+28
5.90260540e+02 -1.88826330e+28
5.90263836e+02 -1.74265962e+28
5.90267131e+02 -1.15253963e+28
5.90270426e+02 -1.54800200e+28
5.90273721e+02 -1.59081426e+28
5.90277016e+02 -1.39442170e+28
5.90280311e+02 -1.78248029e+28
5.90283606e+02 -1.66830342e+28
5.90286901e+02 -1.51995239e+28
5.90290197e+02 -1.64455828e+28
5.90293492e+02 -1.06983580e+28
5.90296787e+02 -3.81656243e+27
5.90300082e+02 -7.05179415e+27
5.90303377e+02 -1.34183712e+28
5.90306672e+02 -2.50602897e+28
5.90309967e+02 -2.50280890e+28
5.90313262e+02 -2.03378205e+28
5.90316557e+02 -1.43741355e+28
5.90319853e+02 -1.18136143e+28
5.90323148e+02 -1.02364799e+28
5.90326443e+02 -1.71767598e+28
5.90329738e+02 -1.80633787e+28
5.90333033e+02 -1.98100301e+28
5.90336328e+02 -1.58709306e+28
5.90339623e+02 -1.85349534e+28
5.90342918e+02 -2.28708505e+28
5.90346214e+02 -1.75350815e+28
5.90349509e+02 -2.19291999e+28
5.90352804e+02 -2.22930233e+28
5.90356099e+02 -1.52183812e+28
5.90359394e+02 -1.56488127e+28
5.90362689e+02 -1.41206923e+28
5.90365984e+02 -1.01903426e+28
5.90369279e+02 -1.21981636e+28
5.90372574e+02 -9.98799310e+27
5.90375870e+02 -1.38411861e+28
5.90379165e+02 -8.82087971e+27
5.90382460e+02 -7.61735167e+27
5.90385755e+02 -4.04826584e+27
5.90389050e+02 -6.95524884e+27
5.90392345e+02 -9.96320733e+27
5.90395640e+02 -9.72963593e+27
5.90398935e+02 -6.28046684e+27
5.90402231e+02 -2.21064211e+27
5.90405526e+02 -4.38455115e+27
5.90408821e+02 4.97591323e+27
5.90412116e+02 1.14238777e+28
5.90415411e+02 3.04630684e+28
