# Wavelength Flux(MR)
5.89097364e+02 -5.59629181e+28
5.89100659e+02 -1.16629694e+28
5.89103954e+02 2.88376653e+28
5.89107249e+02 4.07052093e+28
5.89110544e+02 2.99445976e+28
5.89113839e+02 1.80635698e+28
5.89117135e+02 4.68044356e+27
5.89120430e+02 -3.01486193e+26
5.89123725e+02 4.04122318e+26
5.89127020e+02 1.57548182e+27
5.89130315e+02 1.17946643e+28
5.89133610e+02 7.35148662e+27
5.89136905e+02 4.29840051e+27
5.89140200e+02 2.44357414e+27
5.89143496e+02 -4.03948246e+26
5.89146791e+02 3.05000461e+27
5.89150086e+02 1.50030408e+27
5.89153381e+02 1.60601215e+27
5.89156676e+02 9.01316729e+26
5.89159971e+02 1.03969005e+27
5.89163266e+02 -2.42159938e+27
5.89166561e+02 -5.30130372e+27
5.89169856e+02 -3.36911898e+27
5.89173152e+02 2.85928557e+27
5.89176447e+02 6.47938579e+27
5.89179742e+02 4.70496856e+27
5.89183037e+02 1.99448592e+27
5.89186332e+02 1.93730939e+27
5.89189627e+02 1.36587365e+27
5.89192922e+02 -1.12980885e+27
5.89196217e+02 3.31929605e+27
5.89199513e+02 3.34211435e+26
5.89202808e+02 -2.18857759e+27
5.89206103e+02 -1.68982482e+27
5.89209398e+02 -2.01168584e+27
5.89212693e+02 4.92113276e+26
5.89215988e+02 -2.12202245e+27
5.89219283e+02 -4.64367889e+27
5.89222578e+02 -4.39624479e+27
5.89225873e+02 7.38895687e+26
5.89229169e+02 1.87619817e+27
5.89232464e+02 1.69916543e+27
5.89235759e+02 1.17865832e+27
5.89239054e+02 8.43331511e+26
5.89242349e+02 -6.88507716e+26
5.89245644e+02 1.68529820e+26
5.89248939e+02 1.67599954e+27
5.89252234e+02 -2.11487455e+27
5.89255530e+02 4.88497681e+26
5.89258825e+02 1.96298601e+27
5.89262120e+02 -8.70048108e+26
5.89265415e+02 -4.45873860e+26
5.89268710e+02 -7.65661854e+26
5.89272005e+02 -1.60564983e+27
5.89275300e+02 -1.85658624e+27
5.89278595e+02 -7.69469898e+26
5.89281890e+02 -1.45389218e+27
5.89285186e+02 -2.46717818e+27
5.89288481e+02 3.13314476e+27
5.89291776e+02 -2.34223829e+27
5.89295071e+02 -2.05019808e+27
5.89298366e+02 -9.51374607e+26
5.89301661e+02 -3.19368796e+27
5.89304956e+02 -2.52262496e+27
5.89308251e+02 -2.92263604e+27
5.89311547e+02 -3.13378124e+26
5.89314842e+02 -2.87113194e+27
5.89318137e+02 -3.44743323e+27
5.89321432e+02 -2.05722508e+27
5.89324727e+02 -1.02408155e+28
5.89328022e+02 -6.76654733e+27
5.89331317e+02 5.46782688e+27
5.89334612e+02 9.90943656e+27
5.89337907e+02 7.67130798e+27
5.89341203e+02 4.08060610e+27
5.89344498e+02 4.10795908e+27
5.89347793e+02 4.21493261e+26
5.89351088e+02 1.51483617e+27
5.89354383e+02 6.34563310e+27
5.89357678e+02 -1.09756796e+25
5.89360973e+02 3.37816364e+26
5.89364268e+02 -1.83134252e+27
5.89367564e+02 -5.91969147e+26
5.89370859e+02 -6.54474579e+26
5.89374154e+02 -4.17337012e+26
5.89377449e+02 -1.39404294e+27
5.89380744e+02 -5.43595652e+27
5.89384039e+02 -4.15745034e+27
5.89387334e+02 -8.63342251e+27
5.89390629e+02 -8.31537827e+27
5.89393924e+02 -5.41062257e+27
5.89397220e+02 -4.64741887e+27
5.89400515e+02 -4.20844364e+27
5.89403810e+02 9.37723133e+26
5.89407105e+02 7.35306158e+27
5.89410400e+02 4.68452433e+27
5.89413695e+02 6.25363437e+27
5.89416990e+02 8.89809958e+25
5.89420285e+02 -5.10978526e+27
5.89423581e+02 -1.69321192e+27
5.89426876e+02 1.73938225e+27
5.89430171e+02 -2.71716782e+27
5.89433466e+02 -3.59783225e+27
5.89436761e+02 1.12494334e+27
5.89440056e+02 -2.94264920e+27
5.89443351e+02 -4.75346420e+27
5.89446646e+02 1.01230431e+27
5.89449941e+02 1.74511975e+27
5.89453237e+02 3.22575558e+27
5.89456532e+02 9.17779988e+26
5.89459827e+02 -8.13278873e+26
5.89463122e+02 -2.87543935e+27
5.89466417e+02 -2.41093260e+27
5.89469712e+02 3.45291738e+27
5.89473007e+02 4.92020442e+27
5.89476302e+02 3.48228574e+27
5.89479598e+02 1.44967002e+27
5.89482893e+02 2.30623631e+27
5.89486188e+02 1.71759768e+27
5.89489483e+02 1.66952561e+27
5.89492778e+02 1.85990181e+27
5.89496073e+02 2.31399944e+27
5.89499368e+02 2.02705009e+27
5.89502663e+02 -2.98892462e+26
5.89505959e+02 -2.74238576e+27
5.89509254e+02 -3.40252511e+27
5.89512549e+02 -5.46852346e+27
5.89515844e+02 -2.79338492e+27
5.89519139e+02 5.39863799e+27
5.89522434e+02 2.40975543e+27
5.89525729e+02 1.27385753e+27
5.89529024e+02 -5.28914362e+26
5.89532319e+02 -1.92576816e+27
5.89535615e+02 -1.27219126e+27
5.89538910e+02 -5.40676445e+26
5.89542205e+02 7.28277636e+26
5.89545500e+02 -1.07429039e+26
5.89548795e+02 -1.49681546e+27
5.89552090e+02 -1.44588662e+27
5.89555385e+02 1.82071384e+27
5.89558680e+02 9.33975757e+26
5.89561976e+02 2.46301674e+27
5.89565271e+02 -8.35459380e+26
5.89568566e+02 1.03134491e+27
5.89571861e+02 -2.98995658e+27
5.89575156e+02 8.92559723e+26
5.89578451e+02 2.44187155e+27
5.89581746e+02 1.64120372e+27
5.89585041e+02 -3.73876892e+27
5.89588336e+02 2.53854242e+27
5.89591632e+02 5.52207288e+27
5.89594927e+02 4.19013546e+27
5.89598222e+02 -1.45940703e+27
5.89601517e+02 -3.34265331e+27
5.89604812e+02 2.71945015e+27
5.89608107e+02 3.32558868e+27
5.89611402e+02 2.56053804e+27
5.89614697e+02 9.25204471e+26
5.89617993e+02 -1.02472855e+27
5.89621288e+02 -1.53212295e+27
5.89624583e+02 -5.12660936e+26
5.89627878e+02 1.51156419e+27
5.89631173e+02 1.02242363e+27
5.89634468e+02 -2.47343549e+27
5.89637763e+02 4.68481712e+26
5.89641058e+02 1.70484550e+27
5.89644353e+02 2.74085055e+27
5.89647649e+02 1.87318647e+27
5.89650944e+02 -8.72143292e+26
5.89654239e+02 -4.52974967e+27
5.89657534e+02 -4.26841432e+27
5.89660829e+02 9.89626205e+26
5.89664124e+02 1.84723911e+27
5.89667419e+02 -3.28136333e+26
5.89670714e+02 9.45969886e+26
5.89674010e+02 -1.75528479e+27
5.89677305e+02 -1.76605542e+27
5.89680600e+02 -4.48405971e+27
5.89683895e+02 -2.57265879e+27
5.89687190e+02 -3.67588760e+27
5.89690485e+02 -7.37889103e+27
5.89693780e+02 -9.97181959e+26
5.89697075e+02 1.01963030e+28
5.89700370e+02 2.38456450e+28
5.89703666e+02 3.30038628e+28
5.89706961e+02 2.88925965e+28
5.89710256e+02 1.77242671e+28
5.89713551e+02 9.97305190e+27
5.89716846e+02 4.66253746e+27
5.89720141e+02 2.87517697e+27
5.89723436e+02 1.69033434e+27
5.89726731e+02 -3.31772498e+26
5.89730027e+02 1.84843908e+27
5.89733322e+02 3.31128856e+27
5.89736617e+02 2.61619534e+27
5.89739912e+02 3.42346354e+27
5.89743207e+02 8.64929987e+26
5.89746502e+02 1.21547215e+27
5.89749797e+02 6.07173573e+27
5.89753092e+02 7.48836898e+27
5.89756387e+02 7.71467909e+27
5.89759683e+02 7.92364841e+27
5.89762978e+02 6.50537624e+27
5.89766273e+02 9.45317284e+27
5.89769568e+02 7.00850078e+27
5.89772863e+02 4.61289757e+27
5.89776158e+02 1.97402368e+27
5.89779453e+02 2.24950540e+27
5.89782748e+02 5.29594325e+27
5.89786044e+02 5.96975200e+27
5.89789339e+02 2.46263542e+27
5.89792634e+02 3.81017966e+27
5.89795929e+02 5.00700894e+27
5.89799224e+02 2.13434890e+27
5.89802519e+02 -6.90464868e+26
5.89805814e+02 -1.53427122e+27
5.89809109e+02 -3.18379632e+27
5.89812404e+02 -4.79340084e+27
5.89815700e+02 -1.21005419e+26
5.89818995e+02 6.17104611e+27
5.89822290e+02 1.66668696e+27
5.89825585e+02 -4.79061513e+26
5.89828880e+02 -3.52803594e+27
5.89832175e+02 7.21996977e+26
5.89835470e+02 -9.32182940e+26
5.89838765e+02 -7.57416100e+26
5.89842061e+02 -4.62218155e+27
5.89845356e+02 -5.97942304e+27
5.89848651e+02 -4.10584219e+26
5.89851946e+02 4.79087357e+27
5.89855241e+02 4.59182378e+27
5.89858536e+02 4.86720279e+27
5.89861831e+02 2.06117536e+27
5.89865126e+02 1.29869256e+27
5.89868421e+02 2.99776419e+27
5.89871717e+02 -2.38121995e+26
5.89875012e+02 -5.19915480e+26
5.89878307e+02 1.37309607e+27
5.89881602e+02 9.59404755e+26
5.89884897e+02 3.35073826e+26
5.89888192e+02 5.40950612e+26
5.89891487e+02 9.16548685e+26
5.89894782e+02 8.86661441e+26
5.89898078e+02 1.34973580e+27
5.89901373e+02 4.32987144e+26
5.89904668e+02 -9.64011386e+26
5.89907963e+02 -3.04797977e+27
5.89911258e+02 -1.10477104e+27
5.89914553e+02 4.99929684e+27
5.89917848e+02 1.28645052e+26
5.89921143e+02 5.78271204e+26
5.89924438e+02 -1.90055641e+27
5.89927734e+02 2.39900745e+26
5.89931029e+02 -1.75762142e+27
5.89934324e+02 -3.21445944e+27
5.89937619e+02 -1.62959201e+27
5.89940914e+02 1.18049489e+26
5.89944209e+02 3.23641456e+27
5.89947504e+02 -1.85672763e+26
5.89950799e+02 -4.19173039e+26
5.89954095e+02 2.02197736e+27
5.89957390e+02 1.44451282e+27
5.89960685e+02 2.70621760e+27
5.89963980e+02 2.51029478e+27
5.89967275e+02 1.65820218e+27
5.89970570e+02 -1.34109169e+26
5.89973865e+02 -4.64306259e+27
5.89977160e+02 -3.12814595e+27
5.89980455e+02 -1.68865156e+27
5.89983751e+02 8.05748193e+27
5.89987046e+02 9.24437188e+27
5.89990341e+02 7.49572197e+27
5.89993636e+02 5.33381784e+27
5.89996931e+02 1.56326748e+27
5.90000226e+02 3.38570729e+27
5.90003521e+02 -8.09464457e+26
5.90006816e+02 1.45698155e+27
5.90010112e+02 2.70747497e+27
5.90013407e+02 1.59545164e+27
5.90016702e+02 1.90750084e+27
5.90019997e+02 3.30875329e+27
5.90023292e+02 1.45639029e+27
5.90026587e+02 -1.39573461e+27
5.90029882e+02 -4.29165424e+27
5.90033177e+02 -4.40810991e+27
5.90036472e+02 -3.90319061e+27
5.90039768e+02 7.95955733e+26
5.90043063e+02 1.32351141e+27
5.90046358e+02 3.52840002e+27
5.90049653e+02 2.12154115e+27
5.90052948e+02 -1.04828515e+27
5.90056243e+02 -1.88403827e+27
5.90059538e+02 -6.18575891e+27
5.90062833e+02 -6.48412436e+27
5.90066129e+02 -4.74388500e+26
5.90069424e+02 5.56069757e+27
5.90072719e+02 3.19664315e+27
5.90076014e+02 1.61134268e+27
5.90079309e+02 1.70191167e+27
5.90082604e+02 1.29368676e+27
5.90085899e+02 1.67536793e+27
5.90089194e+02 2.02924015e+27
5.90092489e+02 1.32080752e+27
5.90095785e+02 2.26152047e+27
5.90099080e+02 2.00158999e+27
5.90102375e+02 7.33195839e+26
5.90105670e+02 5.66996925e+26
5.90108965e+02 7.21426853e+25
5.90112260e+02 1.59397958e+26
5.90115555e+02 2.17002402e+27
5.90118850e+02 2.61733399e+27
5.90122146e+02 2.77894131e+26
5.90125441e+02 2.63480639e+27
5.90128736e+02 1.08761232e+27
5.90132031e+02 -1.07805382e+27
5.90135326e+02 2.02362496e+27
5.90138621e+02 7.47089348e+26
5.90141916e+02 1.80985640e+27
5.90145211e+02 7.70804171e+26
5.90148506e+02 -1.81775750e+27
5.90151802e+02 -1.79674978e+27
5.90155097e+02 -5.01955423e+27
5.90158392e+02 -9.79552809e+26
5.90161687e+02 -4.22357386e+27
5.90164982e+02 -5.26313221e+27
5.90168277e+02 -2.67970548e+27
5.90171572e+02 8.85119971e+26
5.90174867e+02 4.75624808e+27
5.90178163e+02 3.38854305e+27
5.90181458e+02 1.41514903e+27
5.90184753e+02 -2.21147985e+27
5.90188048e+02 -1.38458712e+27
5.90191343e+02 -2.09664829e+27
5.90194638e+02 -2.47636749e+27
5.90197933e+02 -2.99056092e+27
5.90201228e+02 -3.42779797e+27
5.90204523e+02 -3.69499280e+27
5.90207819e+02 -4.14629546e+27
5.90211114e+02 -7.19137552e+26
5.90214409e+02 -2.63316991e+27
5.90217704e+02 -2.54822795e+27
5.90220999e+02 -1.82031104e+27
5.90224294e+02 -9.35963896e+26
5.90227589e+02 -1.41858470e+27
5.90230884e+02 -2.00698292e+27
5.90234180e+02 -3.62622164e+27
5.90237475e+02 -4.08124085e+27
5.90240770e+02 -3.04710709e+26
5.90244065e+02 -6.45126403e+26
5.90247360e+02 -1.44678307e+27
5.90250655e+02 -1.91409944e+27
5.90253950e+02 -4.99311606e+27
5.90257245e+02 -3.69063949e+27
5.90260540e+02 -2.59140110e+27
5.90263836e+02 -9.58006104e+26
5.90267131e+02 -3.78338567e+27
5.90270426e+02 -4.60367328e+27
5.90273721e+02 -4.27138297e+27
5.90277016e+02 -2.21397139e+27
5.90280311e+02 -3.03524055e+27
5.90283606e+02 -1.51514119e+27
5.90286901e+02 -1.88903269e+27
5.90290197e+02 -1.02652628e+27
5.90293492e+02 2.64796732e+27
5.90296787e+02 2.57598179e+27
5.90300082e+02 8.81814232e+26
5.90303377e+02 -1.73534602e+27
5.90306672e+02 -7.17026867e+27
5.90309967e+02 -4.77034746e+27
5.90313262e+02 -1.19294044e+27
5.90316557e+02 5.60746213e+27
5.90319853e+02 4.75741499e+27
5.90323148e+02 4.59460206e+27
5.90326443e+02 -8.00780504e+26
5.90329738e+02 -1.26568265e+27
5.90333033e+02 -6.11348144e+26
5.90336328e+02 -2.70278390e+27
5.90339623e+02 -6.13124339e+26
5.90342918e+02 -3.84512640e+27
5.90346214e+02 -4.09607631e+27
5.90349509e+02 -3.21177283e+27
5.90352804e+02 -4.58243677e+27
5.90356099e+02 -1.81852560e+27
5.90359394e+02 -1.31073560e+27
5.90362689e+02 -4.78071311e+27
5.90365984e+02 -1.36742193e+27
5.90369279e+02 -3.87987642e+27
5.90372574e+02 -5.08534890e+27
5.90375870e+02 -3.82507500e+27
5.90379165e+02 -5.26270480e+27
5.90382460e+02 -1.32569806e+27
5.90385755e+02 3.86347935e+26
5.90389050e+02 -8.21884351e+26
5.90392345e+02 -2.32474540e+27
5.90395640e+02 6.44003696e+26
5.90398935e+02 -3.05738253e+27
5.90402231e+02 2.27553884e+27
5.90405526e+02 9.56020645e+26
5.90408821e+02 3.81440311e+27
5.90412116e+02 1.72721730e+28
5.90415411e+02 3.92833470e+28
