# Wavelength Flux(MR)
5.89097364e+02 -5.65444407e+28
5.89100659e+02 -1.56390980e+28
5.89103954e+02 2.23309826e+28
5.89107249e+02 3.85719080e+28
5.89110544e+02 3.27414835e+28
5.89113839e+02 1.93053505e+28
5.89117135e+02 6.27173126e+27
5.89120430e+02 3.30682036e+26
5.89123725e+02 -2.81794431e+27
5.89127020e+02 2.93040110e+27
5.89130315e+02 1.03074009e+28
5.89133610e+02 1.32910856e+28
5.89136905e+02 1.08096381e+28
5.89140200e+02 5.04390489e+27
5.89143496e+02 2.95670518e+27
5.89146791e+02 4.07244766e+27
5.89150086e+02 3.95386293e+27
5.89153381e+02 3.42344880e+27
5.89156676e+02 2.35306054e+27
5.89159971e+02 4.94395382e+26
5.89163266e+02 -4.63742108e+27
5.89166561e+02 -5.73070250e+27
5.89169856e+02 -2.42109376e+27
5.89173152e+02 4.11414328e+27
5.89176447e+02 1.10218425e+28
5.89179742e+02 9.48667395e+27
5.89183037e+02 3.04967129e+27
5.89186332e+02 3.48119127e+27
5.89189627e+02 1.79457511e+27
5.89192922e+02 -2.20588771e+27
5.89196217e+02 -7.06908114e+25
5.89199513e+02 -2.21585395e+27
5.89202808e+02 -1.66065241e+27
5.89206103e+02 -1.40027262e+27
5.89209398e+02 3.99604300e+26
5.89212693e+02 -9.61364228e+26
5.89215988e+02 -7.28893889e+27
5.89219283e+02 -4.37185397e+27
5.89222578e+02 -5.33870959e+26
5.89225873e+02 -1.74967519e+26
5.89229169e+02 3.32032853e+27
5.89232464e+02 4.59873993e+27
5.89235759e+02 2.17763871e+27
5.89239054e+02 9.62557250e+26
5.89242349e+02 2.37960047e+27
5.89245644e+02 3.24084705e+27
5.89248939e+02 3.79993598e+27
5.89252234e+02 -9.04428793e+26
5.89255530e+02 2.74286669e+27
5.89258825e+02 1.17548945e+27
5.89262120e+02 1.13671828e+27
5.89265415e+02 1.10990854e+27
5.89268710e+02 -3.34398103e+27
5.89272005e+02 -1.47102803e+27
5.89275300e+02 -1.82338833e+27
5.89278595e+02 -5.32934599e+26
5.89281890e+02 1.52558618e+26
5.89285186e+02 7.55722047e+26
5.89288481e+02 4.80688445e+27
5.89291776e+02 6.34864881e+26
5.89295071e+02 2.00061331e+27
5.89298366e+02 1.34324672e+26
5.89301661e+02 -1.72442041e+27
5.89304956e+02 1.10692207e+27
5.89308251e+02 -6.72022246e+27
5.89311547e+02 -2.48350165e+27
5.89314842e+02 2.10389609e+24
5.89318137e+02 -9.46422573e+26
5.89321432e+02 -4.93180141e+27
5.89324727e+02 -8.58515168e+27
5.89328022e+02 -6.31552711e+27
5.89331317e+02 3.82133655e+27
5.89334612e+02 1.33509203e+28
5.89337907e+02 1.15999099e+28
5.89341203e+02 9.79324215e+27
5.89344498e+02 2.41129251e+27
5.89347793e+02 5.98137422e+26
5.89351088e+02 2.72456404e+27
5.89354383e+02 6.55362255e+26
5.89357678e+02 3.44359726e+27
5.89360973e+02 2.79765202e+27
5.89364268e+02 2.52843028e+27
5.89367564e+02 -1.88252547e+27
5.89370859e+02 -5.38004680e+27
5.89374154e+02 -2.46368182e+27
5.89377449e+02 -8.50451072e+25
5.89380744e+02 -5.65684869e+27
5.89384039e+02 -7.69864744e+27
5.89387334e+02 -1.30951754e+28
5.89390629e+02 -1.02203388e+28
5.89393924e+02 -8.80923262e+27
5.89397220e+02 -2.07096740e+27
5.89400515e+02 -1.28389718e+27
5.89403810e+02 3.20392053e+27
5.89407105e+02 1.19664421e+28
5.89410400e+02 1.05301736e+28
5.89413695e+02 5.45658989e+27
5.89416990e+02 3.91481845e+27
5.89420285e+02 -2.45045791e+27
5.89423581e+02 -1.78425049e+27
5.89426876e+02 1.15292318e+26
5.89430171e+02 -1.42696222e+27
5.89433466e+02 3.44673240e+26
5.89436761e+02 6.77019351e+26
5.89440056e+02 -3.50872532e+26
5.89443351e+02 6.93366645e+26
5.89446646e+02 -2.37514937e+26
5.89449941e+02 6.16279137e+26
5.89453237e+02 4.57676736e+26
5.89456532e+02 6.50055360e+26
5.89459827e+02 1.41623277e+27
5.89463122e+02 -3.54283291e+27
5.89466417e+02 -6.06105749e+26
5.89469712e+02 1.78087712e+27
5.89473007e+02 7.87488081e+27
5.89476302e+02 8.02808460e+27
5.89479598e+02 4.62995964e+27
5.89482893e+02 1.12757207e+28
5.89486188e+02 6.65092543e+27
5.89489483e+02 4.43281024e+27
5.89492778e+02 1.20627887e+27
5.89496073e+02 -9.81006253e+26
5.89499368e+02 3.75804906e+27
5.89502663e+02 4.27970371e+27
5.89505959e+02 -3.52519732e+27
5.89509254e+02 -6.77391829e+27
5.89512549e+02 -6.11413331e+27
5.89515844e+02 -7.44415552e+25
5.89519139e+02 6.09545713e+27
5.89522434e+02 6.35224932e+27
5.89525729e+02 4.62644908e+27
5.89529024e+02 1.72605825e+27
5.89532319e+02 -1.29457992e+27
5.89535615e+02 -1.50128400e+27
5.89538910e+02 4.93376470e+26
5.89542205e+02 1.17013535e+26
5.89545500e+02 -1.28646778e+27
5.89548795e+02 -1.11724572e+27
5.89552090e+02 -3.05974936e+27
5.89555385e+02 1.39698983e+27
5.89558680e+02 2.12497674e+27
5.89561976e+02 3.47975404e+26
5.89565271e+02 1.25616484e+27
5.89568566e+02 8.70974954e+26
5.89571861e+02 -1.36650144e+27
5.89575156e+02 3.59181610e+27
5.89578451e+02 1.31398366e+27
5.89581746e+02 2.02565782e+27
5.89585041e+02 4.61807604e+27
5.89588336e+02 2.26232383e+27
5.89591632e+02 -2.85090601e+27
5.89594927e+02 -5.45669740e+27
5.89598222e+02 5.64578639e+26
5.89601517e+02 -1.15258861e+27
5.89604812e+02 1.32088746e+26
5.89608107e+02 -9.44153234e+26
5.89611402e+02 1.72689322e+27
5.89614697e+02 9.12049817e+26
5.89617993e+02 6.16196986e+26
5.89621288e+02 -4.00574986e+26
5.89624583e+02 -2.85029530e+27
5.89627878e+02 9.14836742e+26
5.89631173e+02 -2.83183832e+27
5.89634468e+02 -1.66683274e+27
5.89637763e+02 2.85026428e+26
5.89641058e+02 -3.46935794e+26
5.89644353e+02 3.79315865e+27
5.89647649e+02 1.09085696e+27
5.89650944e+02 -8.44937754e+26
5.89654239e+02 2.90774824e+25
5.89657534e+02 -3.87648406e+27
5.89660829e+02 -9.53444919e+26
5.89664124e+02 4.56041430e+27
5.89667419e+02 1.10702326e+27
5.89670714e+02 -1.89898410e+27
5.89674010e+02 -5.61684051e+27
5.89677305e+02 -1.98406888e+27
5.89680600e+02 -2.79784629e+27
5.89683895e+02 -8.41055520e+27
5.89687190e+02 -1.02801888e+28
5.89690485e+02 -8.25524467e+27
5.89693780e+02 -4.33732757e+27
5.89697075e+02 6.45189069e+27
5.89700370e+02 1.87274694e+28
5.89703666e+02 3.34879305e+28
5.89706961e+02 3.24959072e+28
5.89710256e+02 1.83444945e+28
5.89713551e+02 1.13861295e+28
5.89716846e+02 7.92815267e+27
5.89720141e+02 3.62641848e+27
5.89723436e+02 2.76746392e+27
5.89726731e+02 2.56709197e+27
5.89730027e+02 4.28350160e+27
5.89733322e+02 4.52034850e+26
5.89736617e+02 3.67030641e+27
5.89739912e+02 5.45460827e+26
5.89743207e+02 8.91791849e+25
5.89746502e+02 1.65528388e+27
5.89749797e+02 3.10820314e+27
5.89753092e+02 7.88572468e+27
5.89756387e+02 4.42822981e+27
5.89759683e+02 8.71904327e+27
5.89762978e+02 1.17640606e+28
5.89766273e+02 7.35229872e+27
5.89769568e+02 5.36883763e+27
5.89772863e+02 6.03449725e+27
5.89776158e+02 2.55745518e+27
5.89779453e+02 4.29439577e+27
5.89782748e+02 4.61306587e+27
5.89786044e+02 3.47433610e+27
5.89789339e+02 6.09620745e+26
5.89792634e+02 5.27648579e+27
5.89795929e+02 3.61774259e+27
5.89799224e+02 1.09847089e+27
5.89802519e+02 8.18021349e+25
5.89805814e+02 -1.43154820e+27
5.89809109e+02 -5.13168284e+27
5.89812404e+02 -2.70907697e+26
5.89815700e+02 2.10831754e+27
5.89818995e+02 3.58600035e+27
5.89822290e+02 3.31532703e+27
5.89825585e+02 2.46323523e+27
5.89828880e+02 3.75618690e+27
5.89832175e+02 2.07856413e+27
5.89835470e+02 1.70111091e+27
5.89838765e+02 -1.16957301e+27
5.89842061e+02 -5.95441880e+27
5.89845356e+02 -5.95483484e+27
5.89848651e+02 -1.67605394e+27
5.89851946e+02 5.63164738e+27
5.89855241e+02 4.83582747e+27
5.89858536e+02 2.54079851e+27
5.89861831e+02 2.00360860e+27
5.89865126e+02 1.48471238e+27
5.89868421e+02 1.47539857e+27
5.89871717e+02 2.03419216e+27
5.89875012e+02 3.08341343e+27
5.89878307e+02 1.65006839e+27
5.89881602e+02 7.39009285e+26
5.89884897e+02 2.29773458e+27
5.89888192e+02 2.19408167e+27
5.89891487e+02 -1.37710715e+27
5.89894782e+02 -3.26386471e+26
5.89898078e+02 1.84950930e+27
5.89901373e+02 -1.42706862e+27
5.89904668e+02 -3.38040761e+27
5.89907963e+02 -6.50574557e+27
5.89911258e+02 -2.46122422e+27
5.89914553e+02 1.79267603e+27
5.89917848e+02 -2.28755861e+26
5.89921143e+02 1.32265384e+27
5.89924438e+02 -1.96301800e+27
5.89927734e+02 -2.44677359e+27
5.89931029e+02 -1.23184124e+27
5.89934324e+02 -2.04524136e+27
5.89937619e+02 -1.87177933e+27
5.89940914e+02 -2.56105886e+27
5.89944209e+02 5.83723436e+27
5.89947504e+02 4.16769498e+27
5.89950799e+02 6.47246980e+26
5.89954095e+02 1.53041076e+26
5.89957390e+02 -1.06126177e+27
5.89960685e+02 1.83012876e+27
5.89963980e+02 3.28202358e+27
5.89967275e+02 5.57048841e+27
5.89970570e+02 -1.79971185e+27
5.89973865e+02 -9.06843756e+27
5.89977160e+02 -1.15605011e+28
5.89980455e+02 -2.05327530e+27
5.89983751e+02 6.84236263e+27
5.89987046e+02 9.20200258e+27
5.89990341e+02 1.04164506e+28
5.89993636e+02 9.91615349e+26
5.89996931e+02 3.62818377e+27
5.90000226e+02 2.81043719e+26
5.90003521e+02 -3.25419882e+27
5.90006816e+02 -3.67237866e+26
5.90010112e+02 -3.79866519e+26
5.90013407e+02 -7.27499722e+26
5.90016702e+02 9.54577578e+26
5.90019997e+02 3.08159012e+26
5.90023292e+02 -3.05873556e+27
5.90026587e+02 -2.67552121e+27
5.90029882e+02 -5.92936274e+27
5.90033177e+02 -8.20921455e+27
5.90036472e+02 -4.96539345e+27
5.90039768e+02 1.67018955e+27
5.90043063e+02 4.20834322e+27
5.90046358e+02 3.09504417e+27
5.90049653e+02 -1.45906230e+27
5.90052948e+02 -1.95925154e+27
5.90056243e+02 -1.59046469e+27
5.90059538e+02 -5.32772585e+27
5.90062833e+02 -6.33993299e+27
5.90066129e+02 -1.11853140e+27
5.90069424e+02 4.39050221e+27
5.90072719e+02 7.80499220e+27
5.90076014e+02 5.00380377e+27
5.90079309e+02 4.91542777e+27
5.90082604e+02 5.62774489e+26
5.90085899e+02 1.88195824e+27
5.90089194e+02 -6.15011815e+26
5.90092489e+02 -6.21636921e+26
5.90095785e+02 6.92259937e+26
5.90099080e+02 3.88428002e+27
5.90102375e+02 1.71798975e+27
5.90105670e+02 1.68476525e+27
5.90108965e+02 2.32957841e+27
5.90112260e+02 1.30632898e+27
5.90115555e+02 1.29835317e+27
5.90118850e+02 -2.50972165e+27
5.90122146e+02 8.21503612e+26
5.90125441e+02 1.22580185e+27
5.90128736e+02 -3.21036546e+27
5.90132031e+02 1.10127840e+27
5.90135326e+02 -1.27567028e+26
5.90138621e+02 2.54717355e+27
5.90141916e+02 2.05841969e+26
5.90145211e+02 3.87782179e+26
5.90148506e+02 -2.57074359e+27
5.90151802e+02 -6.03611700e+27
5.90155097e+02 -4.59975108e+27
5.90158392e+02 -4.63536522e+27
5.90161687e+02 -4.85259563e+27
5.90164982e+02 -6.04387441e+27
5.90168277e+02 -6.40542065e+27
5.90171572e+02 8.78883070e+26
5.90174867e+02 6.68300285e+27
5.90178163e+02 6.15316960e+27
5.90181458e+02 4.07174598e+27
5.90184753e+02 1.32774113e+27
5.90188048e+02 -7.10595483e+26
5.90191343e+02 3.82732201e+26
5.90194638e+02 -2.67484307e+27
5.90197933e+02 -4.87630988e+27
5.90201228e+02 -5.77975638e+27
5.90204523e+02 -2.52500558e+27
5.90207819e+02 -5.19311909e+27
5.90211114e+02 -1.88655890e+27
5.90214409e+02 -3.73033002e+27
5.90217704e+02 -3.38048397e+27
5.90220999e+02 -2.36749842e+27
5.90224294e+02 -2.57980093e+27
5.90227589e+02 -3.28635861e+27
5.90230884e+02 -2.72654915e+27
5.90234180e+02 -4.46067575e+27
5.90237475e+02 -1.19010825e+27
5.90240770e+02 -5.65371671e+25
5.90244065e+02 -2.85747791e+27
5.90247360e+02 -1.61741683e+27
5.90250655e+02 -4.91830578e+27
5.90253950e+02 -4.47985393e+27
5.90257245e+02 -7.31070614e+27
5.90260540e+02 -4.68498407e+27
5.90263836e+02 -2.83245020e+27
5.90267131e+02 -2.61160888e+27
5.90270426e+02 -4.98408456e+27
5.90273721e+02 -1.47898099e+27
5.90277016e+02 -2.83746110e+27
5.90280311e+02 -6.02794087e+27
5.90283606e+02 -4.82039173e+27
5.90286901e+02 -3.67863229e+27
5.90290197e+02 -3.65684534e+27
5.90293492e+02 2.00186083e+27
5.90296787e+02 1.41506997e+27
5.90300082e+02 -1.42551674e+27
5.90303377e+02 -7.13107764e+27
5.90306672e+02 -9.29093451e+27
5.90309967e+02 -9.47704208e+27
5.90313262e+02 -1.92042038e+26
5.90316557e+02 6.69127695e+27
5.90319853e+02 7.73565850e+27
5.90323148e+02 2.61673615e+27
5.90326443e+02 1.77762366e+27
5.90329738e+02 -9.06632260e+26
5.90333033e+02 -5.55644472e+27
5.90336328e+02 -5.24024548e+27
5.90339623e+02 -4.28377693e+27
5.90342918e+02 -5.81012103e+27
5.90346214e+02 -6.73037001e+27
5.90349509e+02 -6.91602990e+27
5.90352804e+02 -7.34884839e+27
5.90356099e+02 -4.63621675e+27
5.90359394e+02 -3.51580564e+27
5.90362689e+02 -3.33584552e+27
5.90365984e+02 -3.58437289e+27
5.90369279e+02 -2.82919686e+27
5.90372574e+02 -6.10349392e+27
5.90375870e+02 -5.15234636e+27
5.90379165e+02 -2.85808811e+27
5.90382460e+02 -1.40173405e+27
5.90385755e+02 3.69067271e+26
5.90389050e+02 1.03649204e+27
5.90392345e+02 1.35189390e+27
5.90395640e+02 -1.74953321e+26
5.90398935e+02 -5.18825604e+26
5.90402231e+02 -4.92425698e+26
5.90405526e+02 4.40296387e+27
5.90408821e+02 6.26021864e+27
5.90412116e+02 1.64498439e+28
5.90415411e+02 3.88015516e+28
