Wavelength(nm) Intensity
5.89097364e+02 2.47328641e+03
5.89100659e+02 4.55830172e+03
5.89103954e+02 7.41890546e+03
5.89107249e+02 8.45080986e+03
5.89110544e+02 8.15070819e+03
5.89113839e+02 6.75629534e+03
5.89117135e+02 6.27944062e+03
5.89120430e+02 6.22586022e+03
5.89123725e+02 5.83388549e+03
5.89127020e+02 6.77716682e+03
5.89130315e+02 8.86687201e+03
5.89133610e+02 9.52324838e+03
5.89136905e+02 1.00512698e+04
5.89140200e+02 1.05756069e+04
5.89143496e+02 1.06339999e+04
5.89146791e+02 1.08714337e+04
5.89150086e+02 1.11325800e+04
5.89153381e+02 1.15093783e+04
5.89156676e+02 1.17857629e+04
5.89159971e+02 1.16426914e+04
5.89163266e+02 1.09170747e+04
5.89166561e+02 1.01437223e+04
5.89169856e+02 1.04361582e+04
5.89173152e+02 1.12915053e+04
5.89176447e+02 1.21125281e+04
5.89179742e+02 1.27675100e+04
5.89183037e+02 1.27400613e+04
5.89186332e+02 1.27737554e+04
5.89189627e+02 1.37018098e+04
5.89192922e+02 1.40238502e+04
5.89196217e+02 1.39198604e+04
5.89199513e+02 1.43598389e+04
5.89202808e+02 1.45274769e+04
5.89206103e+02 1.42018070e+04
5.89209398e+02 1.39425180e+04
5.89212693e+02 1.40909508e+04
5.89215988e+02 1.36767202e+04
5.89219283e+02 1.32889590e+04
5.89222578e+02 1.33676623e+04
5.89225873e+02 1.38402085e+04
5.89229169e+02 1.46415072e+04
5.89232464e+02 1.50505759e+04
5.89235759e+02 1.48527588e+04
5.89239054e+02 1.49242276e+04
5.89242349e+02 1.52179597e+04
5.89245644e+02 1.53179607e+04
5.89248939e+02 1.57801579e+04
5.89252234e+02 1.55056638e+04
5.89255530e+02 1.53484344e+04
5.89258825e+02 1.54642468e+04
5.89262120e+02 1.56252787e+04
5.89265415e+02 1.51298098e+04
5.89268710e+02 1.51432666e+04
5.89272005e+02 1.46808190e+04
5.89275300e+02 1.47077115e+04
5.89278595e+02 1.41130428e+04
5.89281890e+02 1.43358409e+04
5.89285186e+02 1.54761487e+04
5.89288481e+02 1.51684163e+04
5.89291776e+02 1.53426280e+04
5.89295071e+02 1.55985476e+04
5.89298366e+02 1.55479599e+04
5.89301661e+02 1.50189465e+04
5.89304956e+02 1.42561327e+04
5.89308251e+02 1.37879229e+04
5.89311547e+02 1.34970169e+04
5.89314842e+02 1.31312225e+04
5.89318137e+02 1.28054858e+04
5.89321432e+02 1.14545825e+04
5.89324727e+02 1.05133954e+04
5.89328022e+02 1.04678601e+04
5.89331317e+02 1.20126573e+04
5.89334612e+02 1.37390745e+04
5.89337907e+02 1.47435023e+04
5.89341203e+02 1.54659253e+04
5.89344498e+02 1.58920418e+04
5.89347793e+02 1.52381675e+04
5.89351088e+02 1.57405390e+04
5.89354383e+02 1.62196155e+04
5.89357678e+02 1.60761563e+04
5.89360973e+02 1.55738725e+04
5.89364268e+02 1.48506647e+04
5.89367564e+02 1.42426397e+04
5.89370859e+02 1.35824227e+04
5.89374154e+02 1.29496932e+04
5.89377449e+02 1.16756615e+04
5.89380744e+02 9.14770251e+03
5.89384039e+02 8.79640978e+03
5.89387334e+02 8.69105626e+03
5.89390629e+02 7.89359078e+03
5.89393924e+02 8.76829635e+03
5.89397220e+02 9.50461336e+03
5.89400515e+02 1.02543986e+04
5.89403810e+02 1.14934488e+04
5.89407105e+02 1.39765003e+04
5.89410400e+02 1.49087990e+04
5.89413695e+02 1.53269014e+04
5.89416990e+02 1.52572536e+04
5.89420285e+02 1.52088413e+04
5.89423581e+02 1.52344082e+04
5.89426876e+02 1.53508330e+04
5.89430171e+02 1.56212551e+04
5.89433466e+02 1.52317566e+04
5.89436761e+02 1.55866693e+04
5.89440056e+02 1.57320677e+04
5.89443351e+02 1.57687943e+04
5.89446646e+02 1.58154483e+04
5.89449941e+02 1.54642479e+04
5.89453237e+02 1.53166768e+04
5.89456532e+02 1.51021177e+04
5.89459827e+02 1.39338350e+04
5.89463122e+02 1.37754940e+04
5.89466417e+02 1.33938001e+04
5.89469712e+02 1.39188713e+04
5.89473007e+02 1.52496573e+04
5.89476302e+02 1.56674881e+04
5.89479598e+02 1.60536498e+04
5.89482893e+02 1.62572055e+04
5.89486188e+02 1.60733652e+04
5.89489483e+02 1.60525615e+04
5.89492778e+02 1.60640350e+04
5.89496073e+02 1.62968743e+04
5.89499368e+02 1.57400753e+04
5.89502663e+02 1.53535022e+04
5.89505959e+02 1.42904298e+04
5.89509254e+02 1.33993089e+04
5.89512549e+02 1.31419376e+04
5.89515844e+02 1.42539567e+04
5.89519139e+02 1.49262524e+04
5.89522434e+02 1.53897742e+04
5.89525729e+02 1.52841367e+04
5.89529024e+02 1.58343381e+04
5.89532319e+02 1.57221585e+04
5.89535615e+02 1.57705879e+04
5.89538910e+02 1.54951049e+04
5.89542205e+02 1.56515928e+04
5.89545500e+02 1.59549140e+04
5.89548795e+02 1.57222342e+04
5.89552090e+02 1.59496778e+04
5.89555385e+02 1.58281893e+04
5.89558680e+02 1.61040612e+04
5.89561976e+02 1.58878666e+04
5.89565271e+02 1.60302706e+04
5.89568566e+02 1.61930025e+04
5.89571861e+02 1.55410665e+04
5.89575156e+02 1.58138540e+04
5.89578451e+02 1.58260658e+04
5.89581746e+02 1.55379366e+04
5.89585041e+02 1.53157782e+04
5.89588336e+02 1.53765118e+04
5.89591632e+02 1.47336172e+04
5.89594927e+02 1.42795347e+04
5.89598222e+02 1.37744525e+04
5.89601517e+02 1.36243896e+04
5.89604812e+02 1.40183926e+04
5.89608107e+02 1.46237581e+04
5.89611402e+02 1.48207103e+04
5.89614697e+02 1.47814495e+04
5.89617993e+02 1.45656719e+04
5.89621288e+02 1.47920158e+04
5.89624583e+02 1.46468751e+04
5.89627878e+02 1.47250034e+04
5.89631173e+02 1.45126835e+04
5.89634468e+02 1.42530308e+04
5.89637763e+02 1.42658639e+04
5.89641058e+02 1.38469882e+04
5.89644353e+02 1.35226853e+04
5.89647649e+02 1.32897350e+04
5.89650944e+02 1.23727780e+04
5.89654239e+02 1.12624150e+04
5.89657534e+02 1.11269485e+04
5.89660829e+02 1.06426886e+04
5.89664124e+02 1.05110255e+04
5.89667419e+02 9.80261780e+03
5.89670714e+02 9.38350402e+03
5.89674010e+02 8.01019621e+03
5.89677305e+02 7.30686564e+03
5.89680600e+02 5.77989018e+03
5.89683895e+02 4.63383065e+03
5.89687190e+02 2.95325463e+03
5.89690485e+02 2.11098094e+03
5.89693780e+02 2.24254992e+03
5.89697075e+02 3.07084137e+03
5.89700370e+02 5.27930744e+03
5.89703666e+02 7.39051729e+03
5.89706961e+02 8.48859037e+03
5.89710256e+02 8.10207933e+03
5.89713551e+02 8.32386580e+03
5.89716846e+02 9.39449894e+03
5.89720141e+02 1.01837676e+04
5.89723436e+02 1.08256228e+04
5.89726731e+02 1.12152484e+04
5.89730027e+02 1.19676030e+04
5.89733322e+02 1.22836931e+04
5.89736617e+02 1.23565965e+04
5.89739912e+02 1.32419256e+04
5.89743207e+02 1.32659074e+04
5.89746502e+02 1.33387079e+04
5.89749797e+02 1.34036100e+04
5.89753092e+02 1.41040525e+04
5.89756387e+02 1.44687521e+04
5.89759683e+02 1.47232006e+04
5.89762978e+02 1.45583802e+04
5.89766273e+02 1.49989346e+04
5.89769568e+02 1.52102867e+04
5.89772863e+02 1.54880072e+04
5.89776158e+02 1.50204760e+04
5.89779453e+02 1.53733983e+04
5.89782748e+02 1.51414689e+04
5.89786044e+02 1.54956537e+04
5.89789339e+02 1.54065521e+04
5.89792634e+02 1.51811929e+04
5.89795929e+02 1.48166133e+04
5.89799224e+02 1.44768024e+04
5.89802519e+02 1.38107745e+04
5.89805814e+02 1.29878262e+04
5.89809109e+02 1.27797628e+04
5.89812404e+02 1.30217773e+04
5.89815700e+02 1.36683114e+04
5.89818995e+02 1.39543983e+04
5.89822290e+02 1.46099568e+04
5.89825585e+02 1.45943053e+04
5.89828880e+02 1.44209316e+04
5.89832175e+02 1.45045254e+04
5.89835470e+02 1.43358463e+04
5.89838765e+02 1.35670583e+04
5.89842061e+02 1.28918119e+04
5.89845356e+02 1.23649346e+04
5.89848651e+02 1.29422789e+04
5.89851946e+02 1.41521368e+04
5.89855241e+02 1.49973975e+04
5.89858536e+02 1.52938819e+04
5.89861831e+02 1.54959677e+04
5.89865126e+02 1.54388007e+04
5.89868421e+02 1.54645670e+04
5.89871717e+02 1.55821276e+04
5.89875012e+02 1.56561133e+04
5.89878307e+02 1.56736844e+04
5.89881602e+02 1.60284231e+04
5.89884897e+02 1.60352160e+04
5.89888192e+02 1.57234854e+04
5.89891487e+02 1.56339093e+04
5.89894782e+02 1.60787445e+04
5.89898078e+02 1.56692852e+04
5.89901373e+02 1.53691436e+04
5.89904668e+02 1.44923484e+04
5.89907963e+02 1.37426021e+04
5.89911258e+02 1.39806427e+04
5.89914553e+02 1.47489750e+04
5.89917848e+02 1.45629555e+04
5.89921143e+02 1.44909447e+04
5.89924438e+02 1.45618406e+04
5.89927734e+02 1.51408112e+04
5.89931029e+02 1.45741830e+04
5.89934324e+02 1.51418821e+04
5.89937619e+02 1.51611796e+04
5.89940914e+02 1.53473871e+04
5.89944209e+02 1.57904837e+04
5.89947504e+02 1.53882389e+04
5.89950799e+02 1.51532233e+04
5.89954095e+02 1.51908111e+04
5.89957390e+02 1.49747897e+04
5.89960685e+02 1.55742361e+04
5.89963980e+02 1.54695399e+04
5.89967275e+02 1.47287857e+04
5.89970570e+02 1.30854977e+04
5.89973865e+02 1.17457303e+04
5.89977160e+02 1.09607867e+04
5.89980455e+02 1.09361791e+04
5.89983751e+02 1.31603796e+04
5.89987046e+02 1.44767948e+04
5.89990341e+02 1.51952199e+04
5.89993636e+02 1.53131609e+04
5.89996931e+02 1.54091921e+04
5.90000226e+02 1.55318690e+04
5.90003521e+02 1.51025863e+04
5.90006816e+02 1.55165028e+04
5.90010112e+02 1.54605285e+04
5.90013407e+02 1.60851542e+04
5.90016702e+02 1.61410462e+04
5.90019997e+02 1.57982748e+04
5.90023292e+02 1.48983295e+04
5.90026587e+02 1.42183288e+04
5.90029882e+02 1.30143229e+04
5.90033177e+02 1.21884059e+04
5.90036472e+02 1.29535349e+04
5.90039768e+02 1.39451590e+04
5.90043063e+02 1.45818393e+04
5.90046358e+02 1.43333927e+04
5.90049653e+02 1.41427800e+04
5.90052948e+02 1.35424138e+04
5.90056243e+02 1.22277470e+04
5.90059538e+02 1.19847016e+04
5.90062833e+02 1.22966497e+04
5.90066129e+02 1.31768217e+04
5.90069424e+02 1.42863662e+04
5.90072719e+02 1.52764071e+04
5.90076014e+02 1.59881513e+04
5.90079309e+02 1.63397289e+04
5.90082604e+02 1.62402309e+04
5.90085899e+02 1.58643089e+04
5.90089194e+02 1.62452350e+04
5.90092489e+02 1.61958337e+04
5.90095785e+02 1.62817141e+04
5.90099080e+02 1.64893983e+04
5.90102375e+02 1.60415217e+04
5.90105670e+02 1.59750425e+04
5.90108965e+02 1.63532611e+04
5.90112260e+02 1.65702592e+04
5.90115555e+02 1.63987634e+04
5.90118850e+02 1.65295890e+04
5.90122146e+02 1.65413480e+04
5.90125441e+02 1.64457629e+04
5.90128736e+02 1.65147221e+04
5.90132031e+02 1.61601943e+04
5.90135326e+02 1.61636426e+04
5.90138621e+02 1.57193111e+04
5.90141916e+02 1.50290332e+04
5.90145211e+02 1.44420010e+04
5.90148506e+02 1.33615804e+04
5.90151802e+02 1.20937664e+04
5.90155097e+02 1.11854488e+04
5.90158392e+02 1.05218719e+04
5.90161687e+02 1.00826972e+04
5.90164982e+02 9.90797037e+03
5.90168277e+02 1.04661471e+04
5.90171572e+02 1.20055267e+04
5.90174867e+02 1.39424699e+04
5.90178163e+02 1.46867000e+04
5.90181458e+02 1.52971896e+04
5.90184753e+02 1.59536058e+04
5.90188048e+02 1.55595315e+04
5.90191343e+02 1.60226527e+04
5.90194638e+02 1.57361720e+04
5.90197933e+02 1.56495811e+04
5.90201228e+02 1.57270849e+04
5.90204523e+02 1.56062127e+04
5.90207819e+02 1.52376245e+04
5.90211114e+02 1.57282159e+04
5.90214409e+02 1.54169356e+04
5.90217704e+02 1.58113317e+04
5.90220999e+02 1.58446636e+04
5.90224294e+02 1.58627879e+04
5.90227589e+02 1.61193432e+04
5.90230884e+02 1.56968855e+04
5.90234180e+02 1.61752790e+04
5.90237475e+02 1.58366644e+04
5.90240770e+02 1.57036050e+04
5.90244065e+02 1.55603957e+04
5.90247360e+02 1.53709514e+04
5.90250655e+02 1.46407984e+04
5.90253950e+02 1.42842873e+04
5.90257245e+02 1.43302868e+04
5.90260540e+02 1.48204969e+04
5.90263836e+02 1.52511266e+04
5.90267131e+02 1.56225708e+04
5.90270426e+02 1.58577935e+04
5.90273721e+02 1.55550404e+04
5.90277016e+02 1.54583707e+04
5.90280311e+02 1.49304769e+04
5.90283606e+02 1.48016994e+04
5.90286901e+02 1.47622846e+04
5.90290197e+02 1.45490693e+04
5.90293492e+02 1.46456505e+04
5.90296787e+02 1.49648072e+04
5.90300082e+02 1.34952421e+04
5.90303377e+02 1.13971215e+04
5.90306672e+02 9.52740126e+03
5.90309967e+02 9.39782028e+03
5.90313262e+02 1.08003155e+04
5.90316557e+02 1.28394057e+04
5.90319853e+02 1.44553846e+04
5.90323148e+02 1.51253602e+04
5.90326443e+02 1.56640684e+04
5.90329738e+02 1.56160038e+04
5.90333033e+02 1.56801796e+04
5.90336328e+02 1.59897477e+04
5.90339623e+02 1.56955633e+04
5.90342918e+02 1.52238115e+04
5.90346214e+02 1.46728013e+04
5.90349509e+02 1.46685490e+04
5.90352804e+02 1.45925561e+04
5.90356099e+02 1.48512799e+04
5.90359394e+02 1.47676977e+04
5.90362689e+02 1.48294926e+04
5.90365984e+02 1.49052146e+04
5.90369279e+02 1.41695077e+04
5.90372574e+02 1.38862256e+04
5.90375870e+02 1.38268000e+04
5.90379165e+02 1.40278448e+04
5.90382460e+02 1.46130760e+04
5.90385755e+02 1.50920691e+04
5.90389050e+02 1.51016421e+04
5.90392345e+02 1.56743398e+04
5.90395640e+02 1.57682557e+04
5.90398935e+02 1.61044188e+04
5.90402231e+02 1.63097478e+04
5.90405526e+02 1.60253633e+04
5.90408821e+02 1.59563361e+04
5.90412116e+02 1.60978078e+04
5.90415411e+02 1.63082487e+04
