# Wavelength Flux(MR)
5.89097364e+02 -1.96201954e+28
5.89100659e+02 2.58943254e+26
5.89103954e+02 1.53276951e+27
5.89107249e+02 -3.63621438e+28
5.89110544e+02 -3.66589939e+28
5.89113839e+02 -5.59292662e+28
5.89117135e+02 -1.94525267e+28
5.89120430e+02 -2.22340323e+28
5.89123725e+02 -1.26803093e+27
5.89127020e+02 4.60870997e+28
5.89130315e+02 5.40806761e+28
5.89133610e+02 2.01559316e+28
5.89136905e+02 3.06440576e+27
5.89140200e+02 -8.84785282e+27
5.89143496e+02 1.13859456e+27
5.89146791e+02 -2.14194865e+27
5.89150086e+02 1.02783209e+28
5.89153381e+02 7.27561055e+27
5.89156676e+02 -1.04506163e+28
5.89159971e+02 -5.79891842e+27
5.89163266e+02 -3.37614836e+26
5.89166561e+02 -9.50453449e+27
5.89169856e+02 6.65289961e+27
5.89173152e+02 2.41285980e+28
5.89176447e+02 1.66863981e+28
5.89179742e+02 5.17492490e+27
5.89183037e+02 7.40760081e+27
5.89186332e+02 2.22732966e+28
5.89189627e+02 -2.59667748e+28
5.89192922e+02 -2.27627351e+28
5.89196217e+02 -1.10931840e+28
5.89199513e+02 -1.59021829e+28
5.89202808e+02 -4.04078925e+27
5.89206103e+02 -1.04722643e+28
5.89209398e+02 3.53078293e+27
5.89212693e+02 1.13342558e+28
5.89215988e+02 -6.08605717e+26
5.89219283e+02 5.06044953e+28
5.89222578e+02 1.13621809e+29
5.89225873e+02 2.06568178e+29
5.89229169e+02 2.31405129e+29
5.89232464e+02 1.79701484e+29
5.89235759e+02 7.08884826e+28
5.89239054e+02 -1.82838294e+28
5.89242349e+02 6.74253649e+27
5.89245644e+02 1.26424187e+28
5.89248939e+02 1.59523832e+28
5.89252234e+02 3.97615543e+27
5.89255530e+02 1.38860983e+28
5.89258825e+02 1.41535295e+28
5.89262120e+02 4.97744393e+27
5.89265415e+02 5.89897971e+27
5.89268710e+02 9.84571565e+27
5.89272005e+02 8.39225294e+27
5.89275300e+02 -1.60911739e+28
5.89278595e+02 -4.16080132e+27
5.89281890e+02 -1.92034342e+28
5.89285186e+02 -6.01640779e+27
5.89288481e+02 -8.44720678e+27
5.89291776e+02 1.62537996e+28
5.89295071e+02 -1.11020574e+28
5.89298366e+02 3.07070388e+27
5.89301661e+02 -4.94489669e+27
5.89304956e+02 9.67231427e+27
5.89308251e+02 -1.65413991e+28
5.89311547e+02 -1.04098736e+27
5.89314842e+02 -7.22750185e+27
5.89318137e+02 1.08037719e+28
5.89321432e+02 -8.59910035e+26
5.89324727e+02 -1.68329106e+28
5.89328022e+02 -1.22975854e+28
5.89331317e+02 1.79295347e+28
5.89334612e+02 9.03971818e+27
5.89337907e+02 3.48952323e+28
5.89341203e+02 3.90701374e+28
5.89344498e+02 2.62045479e+27
5.89347793e+02 -5.53294866e+27
5.89351088e+02 -1.05664426e+28
5.89354383e+02 2.53529107e+27
5.89357678e+02 -2.86364479e+27
5.89360973e+02 -2.98752039e+28
5.89364268e+02 -1.09438554e+28
5.89367564e+02 -9.26873325e+27
5.89370859e+02 -8.21988794e+27
5.89374154e+02 -4.93578678e+27
5.89377449e+02 -3.08975839e+28
5.89380744e+02 8.86646493e+27
5.89384039e+02 1.11710610e+28
5.89387334e+02 5.62239241e+27
5.89390629e+02 -2.18675825e+28
5.89393924e+02 -5.70505897e+27
5.89397220e+02 -1.23961195e+28
5.89400515e+02 -2.54792497e+28
5.89403810e+02 -1.43370759e+28
5.89407105e+02 7.67852280e+27
5.89410400e+02 -7.33290326e+27
5.89413695e+02 8.54434030e+27
5.89416990e+02 2.14308936e+28
5.89420285e+02 -1.97150461e+27
5.89423581e+02 -9.52052421e+27
5.89426876e+02 -8.59230252e+27
5.89430171e+02 2.05609230e+27
5.89433466e+02 -6.11930195e+27
5.89436761e+02 1.44003114e+28
5.89440056e+02 3.17356454e+27
5.89443351e+02 -2.49292911e+28
5.89446646e+02 -1.94375790e+28
5.89449941e+02 7.77895979e+27
5.89453237e+02 2.97414693e+28
5.89456532e+02 9.42051782e+26
5.89459827e+02 1.38871309e+27
5.89463122e+02 -1.25117101e+27
5.89466417e+02 -2.58757158e+27
5.89469712e+02 1.36233743e+28
5.89473007e+02 2.29435339e+27
5.89476302e+02 1.38416973e+28
5.89479598e+02 3.78476799e+27
5.89482893e+02 1.04387737e+28
5.89486188e+02 5.12906286e+27
5.89489483e+02 8.56733808e+27
5.89492778e+02 1.13105585e+28
5.89496073e+02 -4.67432385e+27
5.89499368e+02 1.45127006e+27
5.89502663e+02 -5.43894521e+27
5.89505959e+02 -7.79367020e+26
5.89509254e+02 -1.97706990e+28
5.89512549e+02 -4.88999569e+27
5.89515844e+02 9.03266785e+27
5.89519139e+02 9.97243133e+27
5.89522434e+02 3.60938515e+27
5.89525729e+02 -1.48424437e+27
5.89529024e+02 -2.47975650e+26
5.89532319e+02 -1.54672926e+28
5.89535615e+02 1.62022037e+27
5.89538910e+02 1.59414689e+28
5.89542205e+02 4.56935500e+27
5.89545500e+02 2.57416314e+27
5.89548795e+02 -3.38543415e+27
5.89552090e+02 -3.26639096e+27
5.89555385e+02 -8.22095403e+27
5.89558680e+02 -1.10542423e+28
5.89561976e+02 1.45663446e+28
5.89565271e+02 2.65939997e+27
5.89568566e+02 -1.70927751e+28
5.89571861e+02 1.34218952e+27
5.89575156e+02 -1.00101622e+28
5.89578451e+02 7.89519650e+26
5.89581746e+02 -1.01305582e+28
5.89585041e+02 5.42576537e+27
5.89588336e+02 -9.83022761e+27
5.89591632e+02 -1.48053460e+28
5.89594927e+02 1.42589102e+28
5.89598222e+02 -9.63818183e+27
5.89601517e+02 3.29455635e+27
5.89604812e+02 1.65986742e+28
5.89608107e+02 -4.31159610e+27
5.89611402e+02 -1.51509491e+28
5.89614697e+02 -6.34884123e+27
5.89617993e+02 1.02855138e+28
5.89621288e+02 9.13471182e+27
5.89624583e+02 1.45574637e+28
5.89627878e+02 -2.28805486e+28
5.89631173e+02 -1.85976826e+28
5.89634468e+02 5.37960111e+27
5.89637763e+02 -7.70461624e+27
5.89641058e+02 -1.05834902e+28
5.89644353e+02 -1.12811972e+28
5.89647649e+02 -1.61090776e+28
5.89650944e+02 2.80713471e+27
5.89654239e+02 7.15275963e+27
5.89657534e+02 -1.98635839e+28
5.89660829e+02 2.97500411e+27
5.89664124e+02 1.02991708e+28
5.89667419e+02 6.86533350e+27
5.89670714e+02 1.77891080e+28
5.89674010e+02 -7.50675779e+27
5.89677305e+02 7.82229701e+27
5.89680600e+02 1.68341038e+27
5.89683895e+02 -1.21172796e+27
5.89687190e+02 -5.81576356e+27
5.89690485e+02 -5.73838783e+26
5.89693780e+02 -8.78593382e+27
5.89697075e+02 -2.17406677e+28
5.89700370e+02 -6.81389808e+27
5.89703666e+02 -1.89552617e+28
5.89706961e+02 -1.15099011e+28
5.89710256e+02 -2.35690952e+28
5.89713551e+02 1.01849416e+28
5.89716846e+02 1.55336110e+28
5.89720141e+02 -4.02835319e+27
5.89723436e+02 -5.19091751e+27
5.89726731e+02 1.64105010e+27
5.89730027e+02 2.00512830e+28
5.89733322e+02 8.94340120e+27
5.89736617e+02 -3.47867806e+27
5.89739912e+02 4.71605318e+27
5.89743207e+02 6.77326549e+27
5.89746502e+02 -2.96641609e+27
5.89749797e+02 5.74012290e+27
5.89753092e+02 -5.90084616e+26
5.89756387e+02 1.06957790e+28
5.89759683e+02 2.00090525e+28
5.89762978e+02 1.35634245e+28
5.89766273e+02 2.29505407e+26
5.89769568e+02 2.68548897e+28
5.89772863e+02 1.09471181e+27
5.89776158e+02 2.02902635e+27
5.89779453e+02 -9.35980159e+27
5.89782748e+02 -2.31622730e+27
5.89786044e+02 -3.17736261e+27
5.89789339e+02 -8.51484774e+27
5.89792634e+02 -2.17350697e+26
5.89795929e+02 -9.89134605e+27
5.89799224e+02 -1.33057622e+28
5.89802519e+02 -1.62839373e+27
5.89805814e+02 -3.12310562e+27
5.89809109e+02 -1.30972762e+28
5.89812404e+02 1.39104581e+28
5.89815700e+02 2.48629061e+28
5.89818995e+02 4.44237129e+28
5.89822290e+02 1.28880230e+29
5.89825585e+02 1.47177981e+29
5.89828880e+02 1.77028814e+29
5.89832175e+02 1.31718046e+29
5.89835470e+02 5.96215937e+28
5.89838765e+02 1.43227137e+28
5.89842061e+02 -7.72508802e+27
5.89845356e+02 -2.80625755e+28
5.89848651e+02 2.32291782e+28
5.89851946e+02 -3.00794168e+27
5.89855241e+02 1.51540781e+28
5.89858536e+02 3.24707139e+27
5.89861831e+02 -2.45403495e+28
5.89865126e+02 -2.37935159e+28
5.89868421e+02 5.07995317e+27
5.89871717e+02 8.69966445e+27
5.89875012e+02 -2.15046361e+27
5.89878307e+02 -2.42554725e+27
5.89881602e+02 -2.27024296e+27
5.89884897e+02 -2.36101920e+27
5.89888192e+02 -8.30770854e+27
5.89891487e+02 -8.55573832e+27
5.89894782e+02 2.32710805e+28
5.89898078e+02 1.08045712e+28
5.89901373e+02 4.01679164e+27
5.89904668e+02 -4.87958715e+27
5.89907963e+02 -1.13289499e+28
5.89911258e+02 1.73884510e+28
5.89914553e+02 3.78916139e+27
5.89917848e+02 1.31315876e+28
5.89921143e+02 -5.61667769e+27
5.89924438e+02 1.13940667e+27
5.89927734e+02 -2.50945797e+28
5.89931029e+02 -1.41309322e+28
5.89934324e+02 -6.77287139e+27
5.89937619e+02 -4.79554620e+27
5.89940914e+02 -2.13954260e+27
5.89944209e+02 2.39682089e+28
5.89947504e+02 1.36438985e+28
5.89950799e+02 -2.34698406e+28
5.89954095e+02 1.31881224e+28
5.89957390e+02 6.96612211e+26
5.89960685e+02 -4.12424380e+27
5.89963980e+02 2.06284865e+28
5.89967275e+02 -1.04469476e+28
5.89970570e+02 -2.99592057e+27
5.89973865e+02 -2.93470541e+27
5.89977160e+02 -1.68907713e+28
5.89980455e+02 -2.14761916e+27
5.89983751e+02 -9.43235922e+27
5.89987046e+02 2.71379491e+27
5.89990341e+02 1.15191838e+27
5.89993636e+02 1.77670172e+28
5.89996931e+02 1.36459650e+28
5.90000226e+02 1.79627377e+27
5.90003521e+02 1.35858077e+28
5.90006816e+02 -2.23968500e+28
5.90010112e+02 -1.55275873e+27
5.90013407e+02 4.63901558e+27
5.90016702e+02 -6.27081172e+27
5.90019997e+02 -1.52784402e+28
5.90023292e+02 -1.96737607e+28
5.90026587e+02 -5.69186886e+27
5.90029882e+02 1.05650928e+28
5.90033177e+02 -1.92946251e+28
5.90036472e+02 -7.55877605e+27
5.90039768e+02 6.17041854e+27
5.90043063e+02 -1.57568103e+27
5.90046358e+02 1.44598019e+27
5.90049653e+02 -2.31589723e+27
5.90052948e+02 -1.39090735e+27
5.90056243e+02 -2.39698479e+27
5.90059538e+02 -1.43365695e+28
5.90062833e+02 -6.42087496e+27
5.90066129e+02 1.47776459e+27
5.90069424e+02 6.02387615e+27
5.90072719e+02 -3.74541418e+27
5.90076014e+02 6.30648175e+27
5.90079309e+02 4.17982409e+27
5.90082604e+02 6.58182011e+27
5.90085899e+02 4.66159932e+27
5.90089194e+02 -9.78383112e+27
5.90092489e+02 -1.19043657e+28
5.90095785e+02 -5.64551440e+26
5.90099080e+02 -1.90767058e+28
5.90102375e+02 -2.17225998e+28
5.90105670e+02 1.19024082e+28
5.90108965e+02 3.38480354e+27
5.90112260e+02 -2.80931675e+27
5.90115555e+02 1.76078970e+27
5.90118850e+02 9.28827170e+27
5.90122146e+02 -2.54393504e+27
5.90125441e+02 -3.82906971e+27
5.90128736e+02 -4.80826704e+27
5.90132031e+02 2.25125500e+28
5.90135326e+02 6.74157988e+27
5.90138621e+02 7.35809331e+27
5.90141916e+02 1.93804947e+28
5.90145211e+02 -7.64022897e+27
5.90148506e+02 2.60361171e+28
5.90151802e+02 3.65779909e+27
5.90155097e+02 -4.53005207e+27
5.90158392e+02 1.67912238e+27
5.90161687e+02 2.01925220e+27
5.90164982e+02 -1.38777442e+28
5.90168277e+02 -5.09311360e+27
5.90171572e+02 -1.01987714e+28
5.90174867e+02 5.44774944e+27
5.90178163e+02 3.01710957e+27
5.90181458e+02 -1.84039214e+28
5.90184753e+02 -1.13173103e+28
5.90188048e+02 -2.66828406e+27
5.90191343e+02 4.12121986e+26
5.90194638e+02 2.13859328e+27
5.90197933e+02 -2.51890569e+28
5.90201228e+02 -3.07872000e+27
5.90204523e+02 -9.99301711e+27
5.90207819e+02 -2.44002282e+28
5.90211114e+02 1.62815803e+28
5.90214409e+02 -1.12990523e+28
5.90217704e+02 -8.70476144e+27
5.90220999e+02 -8.54209364e+27
5.90224294e+02 3.92933635e+27
5.90227589e+02 2.59014412e+27
5.90230884e+02 -1.25737903e+28
5.90234180e+02 9.44641778e+27
5.90237475e+02 -5.69928999e+27
5.90240770e+02 2.98829259e+27
5.90244065e+02 5.88822707e+27
5.90247360e+02 6.23998276e+27
5.90250655e+02 -5.98337736e+26
5.90253950e+02 -7.73975181e+27
5.90257245e+02 -6.88398732e+27
5.90260540e+02 -1.09520872e+28
5.90263836e+02 -2.45250316e+27
5.90267131e+02 7.29087133e+26
5.90270426e+02 9.18693380e+27
5.90273721e+02 -8.14381285e+27
5.90277016e+02 4.24016884e+26
5.90280311e+02 5.93671049e+27
5.90283606e+02 1.98917573e+28
5.90286901e+02 -1.10179881e+28
5.90290197e+02 7.08973588e+27
5.90293492e+02 2.11668182e+28
5.90296787e+02 8.55126730e+27
5.90300082e+02 1.02794362e+28
5.90303377e+02 1.87740683e+28
5.90306672e+02 -1.38101885e+28
5.90309967e+02 -1.39350962e+28
5.90313262e+02 -1.53137945e+28
5.90316557e+02 -1.57975681e+28
5.90319853e+02 -5.50204634e+27
5.90323148e+02 2.02191739e+28
5.90326443e+02 5.88605929e+27
5.90329738e+02 -1.37508159e+28
5.90333033e+02 -8.20913598e+27
5.90336328e+02 1.25059769e+28
5.90339623e+02 -1.54912454e+28
5.90342918e+02 -5.83236753e+27
5.90346214e+02 -1.51815133e+28
5.90349509e+02 -1.05709520e+28
5.90352804e+02 -8.74698092e+27
5.90356099e+02 4.97236044e+27
5.90359394e+02 -7.59553605e+27
5.90362689e+02 -1.47201662e+28
5.90365984e+02 -1.29133385e+28
5.90369279e+02 -1.53145354e+28
5.90372574e+02 -4.25075914e+26
5.90375870e+02 -9.98914354e+26
5.90379165e+02 -1.53462178e+28
5.90382460e+02 -1.23827337e+28
5.90385755e+02 -1.91613687e+27
5.90389050e+02 -9.47060227e+27
5.90392345e+02 -1.07302128e+28
5.90395640e+02 5.68975494e+27
5.90398935e+02 -4.46983320e+27
5.90402231e+02 -3.67675521e+27
5.90405526e+02 -1.74900817e+28
5.90408821e+02 -8.31418091e+27
5.90412116e+02 -6.97428540e+27
5.90415411e+02 -9.08719211e+27
