# Wavelength Flux(MR)
5.89097364e+02 -2.09365891e+26
5.89100659e+02 4.59759897e+26
5.89103954e+02 -9.76582207e+27
5.89107249e+02 -3.95855848e+27
5.89110544e+02 -3.82351420e+27
5.89113839e+02 -4.00635765e+27
5.89117135e+02 3.84714714e+27
5.89120430e+02 -1.84566217e+27
5.89123725e+02 -8.19825686e+27
5.89127020e+02 -1.60250669e+28
5.89130315e+02 -1.86159887e+27
5.89133610e+02 -3.89337494e+27
5.89136905e+02 5.46470681e+27
5.89140200e+02 -4.82062056e+27
5.89143496e+02 -1.15971963e+27
5.89146791e+02 -6.63717767e+27
5.89150086e+02 2.44585527e+27
5.89153381e+02 -1.40132503e+28
5.89156676e+02 -3.17287109e+27
5.89159971e+02 -2.73337855e+27
5.89163266e+02 1.00454690e+28
5.89166561e+02 -1.75293675e+27
5.89169856e+02 -7.80837378e+27
5.89173152e+02 6.81159263e+27
5.89176447e+02 8.46262716e+27
5.89179742e+02 3.60755865e+27
5.89183037e+02 8.45182687e+27
5.89186332e+02 3.74927671e+27
5.89189627e+02 -1.34129025e+28
5.89192922e+02 -4.80011578e+27
5.89196217e+02 -1.60246228e+28
5.89199513e+02 -1.43560036e+28
5.89202808e+02 1.26092908e+27
5.89206103e+02 -5.66121371e+27
5.89209398e+02 -8.92928542e+27
5.89212693e+02 3.25852756e+26
5.89215988e+02 6.45616036e+26
5.89219283e+02 9.11595038e+27
5.89222578e+02 6.44202954e+28
5.89225873e+02 1.31978139e+29
5.89229169e+02 1.53637347e+29
5.89232464e+02 1.15588061e+29
5.89235759e+02 4.50631217e+28
5.89239054e+02 -4.07230775e+25
5.89242349e+02 8.11235706e+27
5.89245644e+02 -6.97080465e+27
5.89248939e+02 -7.55823355e+27
5.89252234e+02 5.57583843e+27
5.89255530e+02 2.57085401e+27
5.89258825e+02 -4.54490607e+27
5.89262120e+02 1.01604850e+28
5.89265415e+02 -9.69157595e+27
5.89268710e+02 1.77199319e+27
5.89272005e+02 -5.84061477e+27
5.89275300e+02 -1.14341011e+28
5.89278595e+02 -1.06201819e+28
5.89281890e+02 3.34436437e+27
5.89285186e+02 -7.42209965e+26
5.89288481e+02 5.97537090e+27
5.89291776e+02 9.45273663e+27
5.89295071e+02 2.49208087e+27
5.89298366e+02 3.45687243e+27
5.89301661e+02 5.68348413e+27
5.89304956e+02 -1.39993660e+28
5.89308251e+02 -4.69089795e+25
5.89311547e+02 -3.97198562e+27
5.89314842e+02 -9.26421122e+27
5.89318137e+02 2.41478244e+27
5.89321432e+02 5.34345826e+27
5.89324727e+02 -1.23882813e+28
5.89328022e+02 -3.48317846e+27
5.89331317e+02 7.92813535e+27
5.89334612e+02 -2.76713221e+27
5.89337907e+02 1.38768293e+28
5.89341203e+02 4.92277650e+27
5.89344498e+02 -3.28513926e+27
5.89347793e+02 2.60556459e+27
5.89351088e+02 7.45102827e+26
5.89354383e+02 -5.81262380e+26
5.89357678e+02 -8.39014847e+27
5.89360973e+02 1.35498460e+27
5.89364268e+02 -1.13336089e+28
5.89367564e+02 -7.15374175e+27
5.89370859e+02 -8.99772727e+27
5.89374154e+02 -3.79584514e+27
5.89377449e+02 6.68590092e+27
5.89380744e+02 1.16717018e+28
5.89384039e+02 6.25609229e+27
5.89387334e+02 5.84255442e+27
5.89390629e+02 -4.07655947e+27
5.89393924e+02 2.50197012e+27
5.89397220e+02 -1.73546753e+26
5.89400515e+02 -1.34923460e+28
5.89403810e+02 -1.23479470e+28
5.89407105e+02 6.95063098e+27
5.89410400e+02 1.87030443e+28
5.89413695e+02 -1.99527315e+26
5.89416990e+02 1.34936287e+27
5.89420285e+02 6.31402173e+26
5.89423581e+02 -1.33701621e+28
5.89426876e+02 4.48533607e+26
5.89430171e+02 4.95485282e+27
5.89433466e+02 -1.91635657e+26
5.89436761e+02 -4.64190232e+27
5.89440056e+02 -5.30576665e+27
5.89443351e+02 4.69389713e+27
5.89446646e+02 -8.52373859e+26
5.89449941e+02 8.07263105e+27
5.89453237e+02 -8.44088829e+26
5.89456532e+02 5.46548551e+27
5.89459827e+02 -1.19636660e+27
5.89463122e+02 9.25307059e+27
5.89466417e+02 6.63353432e+27
5.89469712e+02 -1.08496977e+28
5.89473007e+02 1.61678703e+26
5.89476302e+02 4.03816104e+26
5.89479598e+02 8.97162168e+27
5.89482893e+02 2.58140797e+27
5.89486188e+02 3.61588348e+27
5.89489483e+02 -7.14476928e+27
5.89492778e+02 -1.06552963e+28
5.89496073e+02 -5.53652795e+27
5.89499368e+02 3.73054681e+27
5.89502663e+02 9.33458197e+26
5.89505959e+02 -4.33614821e+27
5.89509254e+02 -2.13656713e+27
5.89512549e+02 9.34005656e+27
5.89515844e+02 3.32478954e+27
5.89519139e+02 2.39806484e+27
5.89522434e+02 -2.92074550e+27
5.89525729e+02 1.16275828e+28
5.89529024e+02 -4.22105875e+26
5.89532319e+02 -2.18994830e+27
5.89535615e+02 -4.09426644e+27
5.89538910e+02 2.31441015e+27
5.89542205e+02 6.03214307e+27
5.89545500e+02 2.07962441e+27
5.89548795e+02 -6.85252795e+27
5.89552090e+02 -3.70160081e+27
5.89555385e+02 -1.55249764e+28
5.89558680e+02 -3.99821414e+26
5.89561976e+02 -9.46554853e+27
5.89565271e+02 -6.01714635e+27
5.89568566e+02 -1.25703949e+27
5.89571861e+02 -1.38351347e+28
5.89575156e+02 -9.05768569e+27
5.89578451e+02 -4.59689023e+27
5.89581746e+02 -1.01451651e+27
5.89585041e+02 9.29387431e+27
5.89588336e+02 6.35675171e+27
5.89591632e+02 1.97328543e+27
5.89594927e+02 -4.44857943e+27
5.89598222e+02 -9.64176939e+27
5.89601517e+02 -1.00430449e+28
5.89604812e+02 -9.78286850e+27
5.89608107e+02 1.04965560e+27
5.89611402e+02 -4.71455634e+27
5.89614697e+02 -1.91066979e+28
5.89617993e+02 -9.66683778e+27
5.89621288e+02 1.08072626e+28
5.89624583e+02 3.43386556e+27
5.89627878e+02 -6.41571060e+27
5.89631173e+02 -2.57058879e+27
5.89634468e+02 4.13757483e+27
5.89637763e+02 -1.04631208e+28
5.89641058e+02 -1.12359736e+28
5.89644353e+02 -1.50522033e+28
5.89647649e+02 -8.18536190e+27
5.89650944e+02 -6.45578169e+26
5.89654239e+02 -8.46964791e+26
5.89657534e+02 5.02981721e+27
5.89660829e+02 -5.48325835e+27
5.89664124e+02 6.29031256e+27
5.89667419e+02 -4.70907080e+27
5.89670714e+02 -6.48334717e+27
5.89674010e+02 -2.81554500e+27
5.89677305e+02 3.50959943e+27
5.89680600e+02 7.86365050e+27
5.89683895e+02 4.57751441e+27
5.89687190e+02 -1.57334977e+27
5.89690485e+02 -1.18272268e+28
5.89693780e+02 1.48419952e+28
5.89697075e+02 1.47020461e+27
5.89700370e+02 4.32987296e+27
5.89703666e+02 -1.57743903e+28
5.89706961e+02 -1.87320148e+28
5.89710256e+02 -4.43636868e+27
5.89713551e+02 8.62467585e+26
5.89716846e+02 1.20700149e+28
5.89720141e+02 -1.28942645e+27
5.89723436e+02 -7.71071337e+27
5.89726731e+02 4.19493882e+27
5.89730027e+02 -7.63876903e+27
5.89733322e+02 2.10310537e+26
5.89736617e+02 -5.67731850e+26
5.89739912e+02 -7.92104724e+27
5.89743207e+02 -1.99087962e+27
5.89746502e+02 7.84802881e+27
5.89749797e+02 3.18146691e+27
5.89753092e+02 -2.24580572e+27
5.89756387e+02 1.94250960e+27
5.89759683e+02 5.88405772e+27
5.89762978e+02 6.20356650e+25
5.89766273e+02 -2.11817053e+27
5.89769568e+02 -5.95439045e+27
5.89772863e+02 4.35043656e+27
5.89776158e+02 3.83951835e+27
5.89779453e+02 -6.94041794e+27
5.89782748e+02 -9.53515716e+27
5.89786044e+02 2.42875487e+26
5.89789339e+02 4.45952482e+27
5.89792634e+02 6.49014910e+26
5.89795929e+02 3.02095731e+27
5.89799224e+02 -6.83559755e+25
5.89802519e+02 -1.00428684e+28
5.89805814e+02 -1.24902234e+28
5.89809109e+02 -5.02597170e+27
5.89812404e+02 -1.07743086e+27
5.89815700e+02 4.52323269e+27
5.89818995e+02 2.79257577e+28
5.89822290e+02 8.00512176e+28
5.89825585e+02 1.12512990e+29
5.89828880e+02 1.05755441e+29
5.89832175e+02 8.55608125e+28
5.89835470e+02 5.16304077e+28
5.89838765e+02 1.44555635e+28
5.89842061e+02 -1.41049810e+27
5.89845356e+02 -8.91628150e+27
5.89848651e+02 -4.26136193e+26
5.89851946e+02 -3.43361923e+25
5.89855241e+02 -7.74117454e+26
5.89858536e+02 -2.57544658e+27
5.89861831e+02 -8.03024223e+27
5.89865126e+02 1.80772782e+26
5.89868421e+02 -1.87898554e+27
5.89871717e+02 -2.84497371e+27
5.89875012e+02 3.89725593e+27
5.89878307e+02 9.30253414e+27
5.89881602e+02 -4.63819642e+27
5.89884897e+02 -3.01553278e+27
5.89888192e+02 -1.13749098e+27
5.89891487e+02 9.57094906e+27
5.89894782e+02 -7.91939297e+26
5.89898078e+02 -5.34084059e+27
5.89901373e+02 5.30987156e+27
5.89904668e+02 -8.15738789e+27
5.89907963e+02 -9.37585168e+27
5.89911258e+02 -7.00148420e+27
5.89914553e+02 1.05174756e+28
5.89917848e+02 2.75736274e+27
5.89921143e+02 -2.92307164e+27
5.89924438e+02 -8.12079508e+26
5.89927734e+02 5.62690905e+26
5.89931029e+02 5.94359430e+27
5.89934324e+02 3.41361604e+27
5.89937619e+02 1.21023810e+27
5.89940914e+02 2.39770298e+27
5.89944209e+02 4.40279264e+27
5.89947504e+02 -6.42771129e+27
5.89950799e+02 -1.06067949e+28
5.89954095e+02 -7.24708481e+27
5.89957390e+02 8.47017871e+26
5.89960685e+02 -1.10354899e+28
5.89963980e+02 -8.05673152e+27
5.89967275e+02 -6.94480580e+27
5.89970570e+02 8.26096632e+27
5.89973865e+02 1.90130620e+26
5.89977160e+02 1.76943929e+27
5.89980455e+02 4.22005560e+26
5.89983751e+02 2.47652939e+27
5.89987046e+02 8.85658220e+26
5.89990341e+02 -2.16617437e+27
5.89993636e+02 -1.21924771e+27
5.89996931e+02 -4.48852488e+25
5.90000226e+02 4.18887096e+27
5.90003521e+02 -1.83955234e+27
5.90006816e+02 -4.11701527e+27
5.90010112e+02 -1.83351935e+27
5.90013407e+02 -1.92669826e+27
5.90016702e+02 2.93787417e+27
5.90019997e+02 -1.19706719e+27
5.90023292e+02 2.23576952e+27
5.90026587e+02 -3.24047315e+26
5.90029882e+02 -2.48465369e+26
5.90033177e+02 -3.14742539e+27
5.90036472e+02 -6.17485833e+27
5.90039768e+02 -2.54949834e+27
5.90043063e+02 -8.49264489e+26
5.90046358e+02 -1.44492561e+27
5.90049653e+02 8.23456502e+27
5.90052948e+02 6.57076379e+27
5.90056243e+02 -5.99345752e+27
5.90059538e+02 1.04613572e+28
5.90062833e+02 -2.11103364e+27
5.90066129e+02 -1.38234768e+27
5.90069424e+02 -4.83846316e+27
5.90072719e+02 -2.94875005e+27
5.90076014e+02 4.16443527e+26
5.90079309e+02 7.71698509e+27
5.90082604e+02 -2.57008038e+27
5.90085899e+02 1.18400466e+25
5.90089194e+02 -6.19874860e+27
5.90092489e+02 9.13604820e+26
5.90095785e+02 1.33347329e+27
5.90099080e+02 2.37136111e+27
5.90102375e+02 4.75557328e+27
5.90105670e+02 -8.06651949e+27
5.90108965e+02 3.34797202e+27
5.90112260e+02 5.39643348e+27
5.90115555e+02 5.72611693e+27
5.90118850e+02 -9.21165278e+27
5.90122146e+02 -2.10653536e+27
5.90125441e+02 -5.78810434e+27
5.90128736e+02 -8.07919925e+27
5.90132031e+02 -5.53716059e+26
5.90135326e+02 9.64697713e+26
5.90138621e+02 4.24794411e+27
5.90141916e+02 -2.60862507e+26
5.90145211e+02 -2.54316281e+26
5.90148506e+02 -9.15742019e+26
5.90151802e+02 -5.05562668e+27
5.90155097e+02 -6.98400212e+27
5.90158392e+02 3.13919854e+27
5.90161687e+02 -5.52343998e+27
5.90164982e+02 -1.13228242e+28
5.90168277e+02 4.33439416e+26
5.90171572e+02 4.94525566e+27
5.90174867e+02 -9.47841206e+27
5.90178163e+02 -1.93612238e+27
5.90181458e+02 3.93491405e+27
5.90184753e+02 5.70642871e+26
5.90188048e+02 -3.64016402e+27
5.90191343e+02 8.47652648e+27
5.90194638e+02 -1.41639272e+27
5.90197933e+02 -7.44883556e+27
5.90201228e+02 -4.77202219e+27
5.90204523e+02 -2.46151471e+27
5.90207819e+02 -8.31332649e+27
5.90211114e+02 -7.48738986e+27
5.90214409e+02 3.14137290e+27
5.90217704e+02 -3.33670236e+27
5.90220999e+02 -5.23674883e+26
5.90224294e+02 2.14804338e+27
5.90227589e+02 3.91879144e+26
5.90230884e+02 -1.38595339e+28
5.90234180e+02 -1.13721426e+28
5.90237475e+02 3.37637490e+25
5.90240770e+02 2.61492235e+27
5.90244065e+02 -6.63261318e+27
5.90247360e+02 -2.47244468e+27
5.90250655e+02 -9.81031640e+27
5.90253950e+02 -1.14653368e+28
5.90257245e+02 -8.70648460e+27
5.90260540e+02 -8.94346496e+27
5.90263836e+02 -3.57690728e+27
5.90267131e+02 -7.98731123e+27
5.90270426e+02 -1.00641085e+27
5.90273721e+02 -3.66799626e+27
5.90277016e+02 -7.22812174e+26
5.90280311e+02 4.13197216e+27
5.90283606e+02 -1.23937148e+27
5.90286901e+02 -3.22436291e+27
5.90290197e+02 -3.59048875e+27
5.90293492e+02 1.70152685e+27
5.90296787e+02 1.07021319e+28
5.90300082e+02 4.37356196e+27
5.90303377e+02 8.61593660e+26
5.90306672e+02 -3.08677982e+27
5.90309967e+02 -1.90974075e+28
5.90313262e+02 -2.02625079e+28
5.90316557e+02 -3.74035561e+26
5.90319853e+02 4.67532450e+27
5.90323148e+02 -1.30358314e+27
5.90326443e+02 -1.62408309e+27
5.90329738e+02 2.19780668e+27
5.90333033e+02 9.67628488e+27
5.90336328e+02 -5.09977219e+27
5.90339623e+02 -4.65344166e+27
5.90342918e+02 -6.11711614e+27
5.90346214e+02 6.12026624e+27
5.90349509e+02 1.43956197e+27
5.90352804e+02 3.90236825e+27
5.90356099e+02 1.98227579e+28
5.90359394e+02 1.49770987e+28
5.90362689e+02 3.31467460e+28
5.90365984e+02 1.75909625e+28
5.90369279e+02 -1.25405357e+27
5.90372574e+02 -1.70552961e+27
5.90375870e+02 -9.23960954e+27
5.90379165e+02 -1.77004774e+27
5.90382460e+02 -2.51261109e+27
5.90385755e+02 1.62638971e+25
5.90389050e+02 -1.52831365e+27
5.90392345e+02 -4.10067100e+27
5.90395640e+02 -5.51851326e+27
5.90398935e+02 1.07940600e+28
5.90402231e+02 2.15875901e+27
5.90405526e+02 2.53415196e+26
5.90408821e+02 -2.64651848e+27
5.90412116e+02 7.74606987e+26
5.90415411e+02 -2.66227697e+26
