# Wavelength Flux(MR)
5.89097364e+02 -1.35356840e+28
5.89100659e+02 1.91304644e+27
5.89103954e+02 -4.27621664e+27
5.89107249e+02 -9.34159052e+27
5.89110544e+02 -1.35611640e+28
5.89113839e+02 -2.17093902e+27
5.89117135e+02 -7.78887131e+27
5.89120430e+02 9.46444746e+24
5.89123725e+02 -1.74317814e+28
5.89127020e+02 -5.74000493e+26
5.89130315e+02 2.88554080e+27
5.89133610e+02 2.05787026e+28
5.89136905e+02 7.50318482e+27
5.89140200e+02 6.38283106e+27
5.89143496e+02 -2.02665482e+28
5.89146791e+02 2.24240639e+27
5.89150086e+02 3.42997319e+26
5.89153381e+02 -3.20187282e+26
5.89156676e+02 -3.87569116e+27
5.89159971e+02 2.04732105e+27
5.89163266e+02 -1.39869136e+28
5.89166561e+02 -5.88804157e+27
5.89169856e+02 -2.67421185e+27
5.89173152e+02 1.25094614e+28
5.89176447e+02 1.07229088e+28
5.89179742e+02 1.31340361e+28
5.89183037e+02 -4.96608561e+27
5.89186332e+02 -1.99620379e+28
5.89189627e+02 -4.44787395e+27
5.89192922e+02 -1.26213467e+28
5.89196217e+02 -7.06214912e+27
5.89199513e+02 -5.11160369e+27
5.89202808e+02 -1.70401767e+28
5.89206103e+02 -1.59806174e+28
5.89209398e+02 -4.92255388e+27
5.89212693e+02 -7.99182097e+27
5.89215988e+02 7.33408777e+27
5.89219283e+02 2.24465464e+28
5.89222578e+02 8.67230161e+28
5.89225873e+02 1.65433758e+29
5.89229169e+02 2.18904165e+29
5.89232464e+02 1.70223295e+29
5.89235759e+02 6.04555500e+28
5.89239054e+02 -2.56051504e+27
5.89242349e+02 -4.19145764e+27
5.89245644e+02 -5.41970199e+27
5.89248939e+02 4.29684158e+27
5.89252234e+02 6.30493737e+27
5.89255530e+02 8.76643628e+27
5.89258825e+02 5.87929021e+27
5.89262120e+02 1.88295382e+28
5.89265415e+02 7.29781338e+27
5.89268710e+02 6.13585680e+27
5.89272005e+02 -1.81315250e+27
5.89275300e+02 -1.31390432e+28
5.89278595e+02 -9.14376041e+27
5.89281890e+02 -3.88621891e+27
5.89285186e+02 -8.62072646e+27
5.89288481e+02 7.72118809e+27
5.89291776e+02 1.52602882e+28
5.89295071e+02 2.65577643e+27
5.89298366e+02 2.33422360e+27
5.89301661e+02 1.43626027e+28
5.89304956e+02 4.11411092e+27
5.89308251e+02 7.07184297e+27
5.89311547e+02 1.04932570e+27
5.89314842e+02 -1.34762918e+28
5.89318137e+02 3.30652560e+27
5.89321432e+02 -2.44774976e+27
5.89324727e+02 -1.35144802e+28
5.89328022e+02 -9.29088102e+27
5.89331317e+02 4.15274971e+27
5.89334612e+02 1.07947879e+28
5.89337907e+02 2.30706498e+28
5.89341203e+02 7.79827111e+27
5.89344498e+02 1.60077637e+27
5.89347793e+02 -8.00725439e+26
5.89351088e+02 -5.46243319e+27
5.89354383e+02 7.24466523e+27
5.89357678e+02 5.55477740e+27
5.89360973e+02 -1.95195574e+28
5.89364268e+02 -7.44563249e+27
5.89367564e+02 1.20488963e+27
5.89370859e+02 7.35509221e+27
5.89374154e+02 -1.52984042e+28
5.89377449e+02 -3.85357505e+27
5.89380744e+02 5.86853825e+27
5.89384039e+02 -1.31052505e+28
5.89387334e+02 7.90228534e+27
5.89390629e+02 -1.50512853e+28
5.89393924e+02 -1.02708557e+28
5.89397220e+02 -8.95462236e+27
5.89400515e+02 -3.43017932e+27
5.89403810e+02 -1.37949164e+27
5.89407105e+02 6.05151938e+27
5.89410400e+02 1.35285290e+28
5.89413695e+02 -1.05435892e+27
5.89416990e+02 3.80074901e+27
5.89420285e+02 -1.11534041e+28
5.89423581e+02 4.11574548e+27
5.89426876e+02 1.53263930e+27
5.89430171e+02 1.60532615e+27
5.89433466e+02 -1.17202611e+28
5.89436761e+02 1.54187333e+27
5.89440056e+02 -1.37046847e+28
5.89443351e+02 -2.77478991e+27
5.89446646e+02 5.19218682e+26
5.89449941e+02 -9.24780504e+27
5.89453237e+02 8.47869265e+27
5.89456532e+02 2.41663570e+27
5.89459827e+02 3.72092535e+26
5.89463122e+02 -7.57370043e+27
5.89466417e+02 7.29798936e+27
5.89469712e+02 -2.04897955e+27
5.89473007e+02 6.63764358e+27
5.89476302e+02 2.53822719e+27
5.89479598e+02 -3.09729413e+27
5.89482893e+02 5.05112890e+27
5.89486188e+02 1.48497553e+28
5.89489483e+02 -1.21696515e+28
5.89492778e+02 -1.36096836e+28
5.89496073e+02 -4.55039123e+27
5.89499368e+02 -7.98813446e+27
5.89502663e+02 -8.68255725e+26
5.89505959e+02 7.04473105e+27
5.89509254e+02 -1.53608806e+27
5.89512549e+02 -1.17045427e+28
5.89515844e+02 -1.15455629e+28
5.89519139e+02 8.46522433e+27
5.89522434e+02 2.33469595e+28
5.89525729e+02 1.28066139e+28
5.89529024e+02 -7.56338363e+27
5.89532319e+02 -1.04370909e+28
5.89535615e+02 -1.43490714e+27
5.89538910e+02 5.73788207e+27
5.89542205e+02 2.60891739e+27
5.89545500e+02 -5.69736816e+27
5.89548795e+02 -3.74916595e+27
5.89552090e+02 5.41980597e+27
5.89555385e+02 -7.00873627e+27
5.89558680e+02 -1.79379042e+28
5.89561976e+02 -2.05427945e+28
5.89565271e+02 -3.94024343e+26
5.89568566e+02 -6.58277579e+27
5.89571861e+02 -1.26749818e+28
5.89575156e+02 -1.86318717e+28
5.89578451e+02 1.38807998e+26
5.89581746e+02 -6.27459694e+27
5.89585041e+02 -4.57041102e+27
5.89588336e+02 3.21949424e+27
5.89591632e+02 -1.38382258e+28
5.89594927e+02 -7.43273284e+27
5.89598222e+02 -7.10575914e+27
5.89601517e+02 -1.27644657e+28
5.89604812e+02 -2.68127509e+27
5.89608107e+02 -9.08036496e+27
5.89611402e+02 3.99089193e+27
5.89614697e+02 -6.15947680e+27
5.89617993e+02 1.40401825e+27
5.89621288e+02 -1.46561809e+28
5.89624583e+02 9.61403986e+26
5.89627878e+02 -5.63559109e+26
5.89631173e+02 1.73610381e+28
5.89634468e+02 -1.75868284e+27
5.89637763e+02 -3.04847186e+27
5.89641058e+02 4.77120386e+27
5.89644353e+02 -3.71270144e+27
5.89647649e+02 3.00151812e+27
5.89650944e+02 -4.02871317e+27
5.89654239e+02 -1.08261807e+28
5.89657534e+02 4.08484741e+26
5.89660829e+02 2.17232145e+28
5.89664124e+02 -3.35797394e+27
5.89667419e+02 -4.73952658e+27
5.89670714e+02 -3.85219900e+27
5.89674010e+02 -1.50133698e+28
5.89677305e+02 1.54262414e+28
5.89680600e+02 2.03861100e+28
5.89683895e+02 7.31886929e+27
5.89687190e+02 -1.74128813e+27
5.89690485e+02 -9.32074340e+27
5.89693780e+02 8.42407985e+27
5.89697075e+02 -9.23128772e+27
5.89700370e+02 -1.32786714e+28
5.89703666e+02 -6.83752298e+27
5.89706961e+02 -5.54592170e+27
5.89710256e+02 -4.89086368e+27
5.89713551e+02 1.22208257e+27
5.89716846e+02 1.03946612e+28
5.89720141e+02 1.59115885e+28
5.89723436e+02 1.11013460e+28
5.89726731e+02 -7.43384206e+27
5.89730027e+02 -8.44956064e+27
5.89733322e+02 -1.64376143e+28
5.89736617e+02 1.59030385e+28
5.89739912e+02 7.95194858e+27
5.89743207e+02 5.15713373e+27
5.89746502e+02 -6.67994970e+27
5.89749797e+02 -1.16464631e+28
5.89753092e+02 7.74106034e+27
5.89756387e+02 3.30145799e+27
5.89759683e+02 -9.04808638e+26
5.89762978e+02 2.32166095e+27
5.89766273e+02 -1.67129223e+27
5.89769568e+02 8.81934570e+26
5.89772863e+02 6.38600846e+27
5.89776158e+02 1.34768597e+28
5.89779453e+02 -3.93563142e+27
5.89782748e+02 -1.22800527e+28
5.89786044e+02 -1.17929253e+28
5.89789339e+02 -6.04434998e+26
5.89792634e+02 9.92394266e+26
5.89795929e+02 -2.59341071e+27
5.89799224e+02 -5.72744614e+27
5.89802519e+02 -1.29572637e+28
5.89805814e+02 -1.81306350e+28
5.89809109e+02 3.67758313e+26
5.89812404e+02 6.88121292e+27
5.89815700e+02 1.62051111e+28
5.89818995e+02 4.25224711e+28
5.89822290e+02 8.96695467e+28
5.89825585e+02 1.35721954e+29
5.89828880e+02 1.36993401e+29
5.89832175e+02 1.07326962e+29
5.89835470e+02 5.18623912e+28
5.89838765e+02 1.18629648e+28
5.89842061e+02 -8.82515032e+26
5.89845356e+02 5.61249904e+27
5.89848651e+02 1.31806808e+27
5.89851946e+02 -8.36191973e+27
5.89855241e+02 2.57792668e+26
5.89858536e+02 3.30036324e+27
5.89861831e+02 2.06968328e+27
5.89865126e+02 9.02014939e+27
5.89868421e+02 9.98423099e+27
5.89871717e+02 1.36362877e+28
5.89875012e+02 -8.88998248e+27
5.89878307e+02 -3.03294648e+27
5.89881602e+02 -9.48889566e+26
5.89884897e+02 -2.14796878e+27
5.89888192e+02 4.33844395e+27
5.89891487e+02 9.04068184e+27
5.89894782e+02 5.48322050e+26
5.89898078e+02 -4.21686462e+27
5.89901373e+02 -3.22183798e+27
5.89904668e+02 -1.41247559e+28
5.89907963e+02 -7.09857088e+27
5.89911258e+02 -3.77009908e+27
5.89914553e+02 -1.87889887e+27
5.89917848e+02 2.85207967e+27
5.89921143e+02 7.42466709e+27
5.89924438e+02 2.43474126e+27
5.89927734e+02 -8.69508777e+26
5.89931029e+02 -1.14330907e+28
5.89934324e+02 -6.58971582e+27
5.89937619e+02 1.20034416e+27
5.89940914e+02 -7.76886298e+27
5.89944209e+02 -3.73617690e+27
5.89947504e+02 2.62266455e+27
5.89950799e+02 -4.20443514e+27
5.89954095e+02 -2.11528683e+28
5.89957390e+02 -1.26849107e+28
5.89960685e+02 -7.49510445e+27
5.89963980e+02 2.97072193e+26
5.89967275e+02 1.73947852e+28
5.89970570e+02 -5.05135179e+27
5.89973865e+02 5.27378565e+27
5.89977160e+02 -2.01107014e+28
5.89980455e+02 -2.14184751e+28
5.89983751e+02 5.26320432e+27
5.89987046e+02 1.29900039e+28
5.89990341e+02 1.01185551e+28
5.89993636e+02 -6.68725252e+27
5.89996931e+02 -2.37183824e+28
5.90000226e+02 7.69673683e+26
5.90003521e+02 2.68393624e+27
5.90006816e+02 8.79082707e+27
5.90010112e+02 1.99245040e+28
5.90013407e+02 -1.83727086e+28
5.90016702e+02 -9.50305824e+27
5.90019997e+02 -2.86016546e+27
5.90023292e+02 -1.67723785e+28
5.90026587e+02 -2.27356465e+27
5.90029882e+02 -1.34242987e+28
5.90033177e+02 -9.54294641e+27
5.90036472e+02 -1.00088278e+28
5.90039768e+02 1.54170325e+27
5.90043063e+02 -4.90803272e+27
5.90046358e+02 -8.47943950e+26
5.90049653e+02 -1.70970951e+27
5.90052948e+02 -6.83767279e+27
5.90056243e+02 -1.13368965e+28
5.90059538e+02 -3.89050846e+27
5.90062833e+02 -2.11833950e+28
5.90066129e+02 1.67547807e+28
5.90069424e+02 2.13979064e+27
5.90072719e+02 3.65017944e+27
5.90076014e+02 -1.61739651e+28
5.90079309e+02 -4.68518048e+26
5.90082604e+02 8.76364959e+27
5.90085899e+02 -1.07156340e+28
5.90089194e+02 -6.90136113e+27
5.90092489e+02 4.54901298e+25
5.90095785e+02 -2.72557278e+28
5.90099080e+02 -6.51990546e+27
5.90102375e+02 5.71743079e+27
5.90105670e+02 8.74293792e+26
5.90108965e+02 3.31948740e+27
5.90112260e+02 -1.12898960e+28
5.90115555e+02 -8.00369343e+27
5.90118850e+02 -5.85303310e+27
5.90122146e+02 1.92340397e+28
5.90125441e+02 -6.78757529e+27
5.90128736e+02 -1.23764996e+28
5.90132031e+02 2.29371622e+27
5.90135326e+02 -4.89490613e+27
5.90138621e+02 1.01913140e+27
5.90141916e+02 2.86589196e+27
5.90145211e+02 -1.15607858e+27
5.90148506e+02 2.55593398e+27
5.90151802e+02 -9.95693528e+27
5.90155097e+02 -1.50515700e+28
5.90158392e+02 3.43785237e+27
5.90161687e+02 4.78551099e+27
5.90164982e+02 -5.44007772e+27
5.90168277e+02 9.24669928e+26
5.90171572e+02 -1.30996289e+27
5.90174867e+02 -2.33537902e+28
5.90178163e+02 2.94124607e+27
5.90181458e+02 1.36368774e+28
5.90184753e+02 8.19324060e+27
5.90188048e+02 -2.62595570e+27
5.90191343e+02 9.32225048e+26
5.90194638e+02 -6.55181771e+27
5.90197933e+02 8.61384258e+27
5.90201228e+02 -3.10594295e+27
5.90204523e+02 -2.88123386e+27
5.90207819e+02 -7.84927762e+27
5.90211114e+02 4.30753078e+27
5.90214409e+02 1.72232515e+28
5.90217704e+02 -7.71680925e+27
5.90220999e+02 1.05252474e+28
5.90224294e+02 -2.16769442e+28
5.90227589e+02 -1.35915535e+28
5.90230884e+02 -3.35293275e+27
5.90234180e+02 -4.73971822e+27
5.90237475e+02 -1.12239263e+27
5.90240770e+02 7.80555620e+27
5.90244065e+02 -1.71401430e+27
5.90247360e+02 5.37547125e+27
5.90250655e+02 -5.14265666e+27
5.90253950e+02 1.89749099e+27
5.90257245e+02 4.07959960e+27
5.90260540e+02 -9.42465943e+27
5.90263836e+02 3.15267108e+27
5.90267131e+02 -2.00915195e+28
5.90270426e+02 9.03020536e+26
5.90273721e+02 -5.63982454e+27
5.90277016e+02 3.88346854e+27
5.90280311e+02 -1.43712384e+27
5.90283606e+02 5.79515651e+27
5.90286901e+02 1.57350589e+28
5.90290197e+02 1.82160126e+28
5.90293492e+02 9.99910205e+27
5.90296787e+02 5.61961084e+27
5.90300082e+02 1.08952982e+28
5.90303377e+02 2.03712741e+27
5.90306672e+02 -2.29738686e+28
5.90309967e+02 -1.15770873e+28
5.90313262e+02 -1.42088564e+28
5.90316557e+02 -6.34647113e+27
5.90319853e+02 6.09703279e+27
5.90323148e+02 1.36165656e+27
5.90326443e+02 -4.85753777e+26
5.90329738e+02 -2.00620336e+27
5.90333033e+02 3.78215922e+27
5.90336328e+02 -6.99567988e+27
5.90339623e+02 -1.44900860e+26
5.90342918e+02 2.37482951e+27
5.90346214e+02 5.60656783e+27
5.90349509e+02 1.45205460e+28
5.90352804e+02 1.10471198e+28
5.90356099e+02 1.41080825e+28
5.90359394e+02 6.17097614e+27
5.90362689e+02 -8.63773068e+27
5.90365984e+02 9.14695948e+27
5.90369279e+02 9.25475488e+27
5.90372574e+02 -1.56381486e+28
5.90375870e+02 -1.24520317e+28
5.90379165e+02 3.23398045e+27
5.90382460e+02 1.15493089e+27
5.90385755e+02 8.61166794e+27
5.90389050e+02 2.67206973e+27
5.90392345e+02 8.71821385e+27
5.90395640e+02 8.56181781e+26
5.90398935e+02 -1.49276706e+27
5.90402231e+02 -5.03289264e+27
5.90405526e+02 2.76490865e+27
5.90408821e+02 -1.41828898e+27
5.90412116e+02 7.20336978e+27
5.90415411e+02 3.89502124e+27
