# Wavelength Flux(MR)
5.89097364e+02 8.88138958e+28
5.89100659e+02 -6.34113118e+28
5.89103954e+02 1.80119869e+28
5.89107249e+02 4.88898733e+26
5.89110544e+02 1.59443432e+28
5.89113839e+02 -8.62944833e+28
5.89117135e+02 -3.43541038e+28
5.89120430e+02 -5.36543003e+28
5.89123725e+02 -2.41614323e+28
5.89127020e+02 -9.53704815e+28
5.89130315e+02 -2.45751662e+28
5.89133610e+02 1.02653851e+29
5.89136905e+02 6.60207472e+28
5.89140200e+02 6.85772935e+28
5.89143496e+02 8.60504166e+28
5.89146791e+02 4.95814006e+28
5.89150086e+02 -3.67228339e+28
5.89153381e+02 -1.19320914e+28
5.89156676e+02 -8.55658237e+28
5.89159971e+02 6.27039781e+27
5.89163266e+02 -1.80141083e+28
5.89166561e+02 3.25291250e+28
5.89169856e+02 1.94859750e+28
5.89173152e+02 6.52532272e+28
5.89176447e+02 6.69531164e+28
5.89179742e+02 1.40691792e+29
5.89183037e+02 8.78101467e+28
5.89186332e+02 -8.92618285e+28
5.89189627e+02 3.23801704e+28
5.89192922e+02 4.94037845e+28
5.89196217e+02 -6.83557968e+28
5.89199513e+02 -5.86654342e+28
5.89202808e+02 -5.69968184e+28
5.89206103e+02 -1.85626713e+28
5.89209398e+02 -7.04793277e+28
5.89212693e+02 2.97381548e+28
5.89215988e+02 1.81143495e+28
5.89219283e+02 1.59351716e+29
5.89222578e+02 3.96390293e+29
5.89225873e+02 7.43912759e+29
5.89229169e+02 8.44130925e+29
5.89232464e+02 4.83973912e+29
5.89235759e+02 1.94622089e+29
5.89239054e+02 7.21930916e+28
5.89242349e+02 8.87486935e+28
5.89245644e+02 4.66809774e+28
5.89248939e+02 6.96136064e+28
5.89252234e+02 -3.07529335e+28
5.89255530e+02 -8.10860180e+28
5.89258825e+02 -3.01904286e+27
5.89262120e+02 1.19222569e+29
5.89265415e+02 5.30361475e+28
5.89268710e+02 3.61509244e+25
5.89272005e+02 -9.68889137e+28
5.89275300e+02 -1.09173001e+28
5.89278595e+02 -1.10838004e+29
5.89281890e+02 -5.83202599e+28
5.89285186e+02 -5.48120815e+28
5.89288481e+02 1.01220144e+29
5.89291776e+02 7.92026081e+28
5.89295071e+02 1.43360054e+29
5.89298366e+02 1.34308405e+29
5.89301661e+02 9.98137871e+28
5.89304956e+02 1.16657998e+28
5.89308251e+02 -8.10092295e+28
5.89311547e+02 -4.06019864e+28
5.89314842e+02 -4.49469139e+28
5.89318137e+02 -4.23876852e+28
5.89321432e+02 -4.47605991e+28
5.89324727e+02 -5.40066448e+28
5.89328022e+02 -7.24094213e+28
5.89331317e+02 4.14994022e+28
5.89334612e+02 1.15694234e+29
5.89337907e+02 1.01915471e+29
5.89341203e+02 1.30218591e+29
5.89344498e+02 5.11735197e+28
5.89347793e+02 -8.31666967e+27
5.89351088e+02 -4.48483534e+28
5.89354383e+02 6.25296267e+28
5.89357678e+02 4.15224729e+28
5.89360973e+02 -1.80470698e+28
5.89364268e+02 1.58811740e+29
5.89367564e+02 -4.71940979e+28
5.89370859e+02 -3.39900523e+28
5.89374154e+02 -4.88551452e+28
5.89377449e+02 5.64133833e+28
5.89380744e+02 7.01368911e+27
5.89384039e+02 -8.99367431e+28
5.89387334e+02 -5.04580710e+28
5.89390629e+02 -5.61512765e+27
5.89393924e+02 7.23472324e+28
5.89397220e+02 -5.90327347e+28
5.89400515e+02 -7.41565328e+28
5.89403810e+02 -5.97867037e+28
5.89407105e+02 1.77674168e+29
5.89410400e+02 5.33704716e+28
5.89413695e+02 1.27543923e+29
5.89416990e+02 1.32354273e+29
5.89420285e+02 -4.99925942e+28
5.89423581e+02 -7.89129663e+28
5.89426876e+02 -7.13314284e+28
5.89430171e+02 1.30345186e+28
5.89433466e+02 -1.26839243e+29
5.89436761e+02 2.49055829e+27
5.89440056e+02 -8.08397670e+28
5.89443351e+02 -9.79094673e+28
5.89446646e+02 -2.34300661e+28
5.89449941e+02 9.14085838e+26
5.89453237e+02 7.71866712e+28
5.89456532e+02 5.30619889e+28
5.89459827e+02 1.33783269e+29
5.89463122e+02 9.94059209e+28
5.89466417e+02 -6.85974630e+28
5.89469712e+02 -1.07920154e+29
5.89473007e+02 3.49511871e+28
5.89476302e+02 -1.16872097e+29
5.89479598e+02 8.48433111e+28
5.89482893e+02 4.41612689e+28
5.89486188e+02 1.88473347e+28
5.89489483e+02 2.88435219e+28
5.89492778e+02 -6.32758516e+28
5.89496073e+02 -4.25642468e+28
5.89499368e+02 -2.81185699e+28
5.89502663e+02 -4.16191604e+28
5.89505959e+02 -1.49913944e+28
5.89509254e+02 -5.45193223e+28
5.89512549e+02 -5.21640793e+28
5.89515844e+02 -2.18416217e+28
5.89519139e+02 1.21745773e+28
5.89522434e+02 9.35258355e+26
5.89525729e+02 2.90709483e+28
5.89529024e+02 -3.56153039e+28
5.89532319e+02 1.10821910e+28
5.89535615e+02 3.51153523e+28
5.89538910e+02 -4.82664826e+28
5.89542205e+02 -9.14312835e+28
5.89545500e+02 4.56788936e+28
5.89548795e+02 2.31966059e+28
5.89552090e+02 5.30318060e+27
5.89555385e+02 1.98543965e+27
5.89558680e+02 -3.58475241e+28
5.89561976e+02 -6.00225968e+28
5.89565271e+02 -2.59984800e+28
5.89568566e+02 -7.63951717e+28
5.89571861e+02 -8.19372050e+28
5.89575156e+02 -4.37140790e+28
5.89578451e+02 -1.23166932e+29
5.89581746e+02 8.18018950e+27
5.89585041e+02 1.23349594e+27
5.89588336e+02 -7.29696626e+28
5.89591632e+02 3.62721194e+28
5.89594927e+02 -2.66281999e+27
5.89598222e+02 -3.81110461e+28
5.89601517e+02 -1.38563601e+28
5.89604812e+02 -2.89095955e+28
5.89608107e+02 9.41130188e+27
5.89611402e+02 4.14343555e+28
5.89614697e+02 2.29513387e+28
5.89617993e+02 -1.12082600e+29
5.89621288e+02 -4.31807625e+28
5.89624583e+02 -4.56272400e+28
5.89627878e+02 -4.74402486e+28
5.89631173e+02 4.76809144e+28
5.89634468e+02 -2.86455133e+28
5.89637763e+02 -1.02847559e+29
5.89641058e+02 1.08848102e+28
5.89644353e+02 -1.94677645e+28
5.89647649e+02 6.35227697e+28
5.89650944e+02 -4.82019719e+28
5.89654239e+02 -1.10818469e+29
5.89657534e+02 -2.10013125e+28
5.89660829e+02 -2.03216400e+28
5.89664124e+02 -2.08729676e+28
5.89667419e+02 -8.71286064e+28
5.89670714e+02 -5.55462932e+28
5.89674010e+02 -2.12757214e+28
5.89677305e+02 2.40153098e+28
5.89680600e+02 -2.82252926e+28
5.89683895e+02 5.86823595e+28
5.89687190e+02 4.20910633e+28
5.89690485e+02 -2.28994470e+28
5.89693780e+02 -6.11273851e+27
5.89697075e+02 -5.18059898e+27
5.89700370e+02 1.02101764e+27
5.89703666e+02 -1.14902926e+29
5.89706961e+02 -6.20031896e+28
5.89710256e+02 8.42056694e+27
5.89713551e+02 2.50119434e+28
5.89716846e+02 -3.99973625e+28
5.89720141e+02 5.46200100e+28
5.89723436e+02 2.80550897e+29
5.89726731e+02 1.21271633e+29
5.89730027e+02 1.44954105e+28
5.89733322e+02 1.87871864e+28
5.89736617e+02 -3.69457596e+28
5.89739912e+02 -5.98269249e+27
5.89743207e+02 -3.71756583e+27
5.89746502e+02 -4.02020678e+28
5.89749797e+02 7.68696316e+27
5.89753092e+02 -5.17571814e+28
5.89756387e+02 9.24413222e+26
5.89759683e+02 5.47253707e+28
5.89762978e+02 -4.39327360e+28
5.89766273e+02 6.14143022e+28
5.89769568e+02 3.58180669e+28
5.89772863e+02 1.52789784e+28
5.89776158e+02 1.20818690e+29
5.89779453e+02 -4.80447415e+27
5.89782748e+02 -2.29339594e+28
5.89786044e+02 -2.54264119e+28
5.89789339e+02 1.05846766e+28
5.89792634e+02 -6.82771546e+27
5.89795929e+02 -1.01286001e+29
5.89799224e+02 -2.07814306e+28
5.89802519e+02 -6.11035464e+28
5.89805814e+02 2.74206894e+27
5.89809109e+02 -3.77204365e+28
5.89812404e+02 -2.44027396e+28
5.89815700e+02 1.48623514e+29
5.89818995e+02 2.23415870e+29
5.89822290e+02 4.06101711e+29
5.89825585e+02 6.24687871e+29
5.89828880e+02 5.99973430e+29
5.89832175e+02 3.79814478e+29
5.89835470e+02 1.57764102e+29
5.89838765e+02 3.12787289e+28
5.89842061e+02 2.30233472e+27
5.89845356e+02 -4.36904366e+28
5.89848651e+02 -6.20286834e+28
5.89851946e+02 -3.17108308e+28
5.89855241e+02 -4.36860425e+26
5.89858536e+02 3.80207323e+28
5.89861831e+02 -2.81628546e+28
5.89865126e+02 -3.17094353e+28
5.89868421e+02 -2.87260911e+27
5.89871717e+02 -6.53299946e+28
5.89875012e+02 -7.94800094e+28
5.89878307e+02 1.13810500e+29
5.89881602e+02 -5.83898702e+28
5.89884897e+02 -7.09516835e+27
5.89888192e+02 -1.54552084e+28
5.89891487e+02 -7.62765754e+28
5.89894782e+02 -3.46149141e+28
5.89898078e+02 -5.91914025e+28
5.89901373e+02 7.63392321e+28
5.89904668e+02 4.82469258e+28
5.89907963e+02 9.30059910e+28
5.89911258e+02 2.44263779e+28
5.89914553e+02 1.47460442e+28
5.89917848e+02 1.00040975e+29
5.89921143e+02 1.04179834e+29
5.89924438e+02 -1.44063943e+28
5.89927734e+02 -5.27676219e+28
5.89931029e+02 -1.07718643e+28
5.89934324e+02 5.06775383e+27
5.89937619e+02 -1.43291912e+29
5.89940914e+02 1.66301822e+28
5.89944209e+02 -5.08035374e+27
5.89947504e+02 -1.57019065e+27
5.89950799e+02 9.20241833e+28
5.89954095e+02 -3.16194975e+28
5.89957390e+02 5.05671581e+28
5.89960685e+02 4.00761924e+28
5.89963980e+02 4.77083463e+28
5.89967275e+02 4.35351513e+28
5.89970570e+02 4.43882058e+28
5.89973865e+02 2.79511699e+28
5.89977160e+02 -1.32892957e+29
5.89980455e+02 -8.76879205e+28
5.89983751e+02 6.42146309e+28
5.89987046e+02 1.45719911e+29
5.89990341e+02 1.09750610e+29
5.89993636e+02 -4.70658196e+28
5.89996931e+02 2.80225332e+28
5.90000226e+02 4.28988251e+28
5.90003521e+02 -2.13531654e+28
5.90006816e+02 -7.91361684e+28
5.90010112e+02 -5.92119655e+28
5.90013407e+02 2.72866236e+28
5.90016702e+02 -4.19335500e+28
5.90019997e+02 -1.07019002e+29
5.90023292e+02 1.37425753e+28
5.90026587e+02 5.17226432e+28
5.90029882e+02 -3.63225262e+28
5.90033177e+02 -2.84329413e+28
5.90036472e+02 -3.17902252e+28
5.90039768e+02 -2.70977275e+28
5.90043063e+02 -2.30291578e+28
5.90046358e+02 -1.37834003e+29
5.90049653e+02 -9.05240580e+27
5.90052948e+02 1.02908289e+28
5.90056243e+02 -5.26113490e+28
5.90059538e+02 -7.55454195e+28
5.90062833e+02 8.41620723e+27
5.90066129e+02 -6.57937811e+28
5.90069424e+02 -8.85147651e+27
5.90072719e+02 8.53375544e+28
5.90076014e+02 1.48518532e+29
5.90079309e+02 2.75385055e+28
5.90082604e+02 5.76708499e+27
5.90085899e+02 -1.03229912e+29
5.90089194e+02 -3.32981780e+28
5.90092489e+02 -1.06399858e+29
5.90095785e+02 -6.31960418e+28
5.90099080e+02 1.20832562e+28
5.90102375e+02 -2.50198774e+28
5.90105670e+02 7.44706292e+28
5.90108965e+02 -4.00591687e+28
5.90112260e+02 -7.15617720e+27
5.90115555e+02 5.85412575e+28
5.90118850e+02 -1.96344371e+28
5.90122146e+02 -7.71316067e+28
5.90125441e+02 -4.04046550e+28
5.90128736e+02 1.77122492e+28
5.90132031e+02 8.61518387e+28
5.90135326e+02 -2.91821430e+27
5.90138621e+02 2.96260419e+28
5.90141916e+02 6.23045353e+28
5.90145211e+02 3.77685962e+28
5.90148506e+02 5.98978880e+28
5.90151802e+02 7.43361687e+28
5.90155097e+02 6.86337905e+28
5.90158392e+02 -1.67353477e+28
5.90161687e+02 9.39496912e+28
5.90164982e+02 1.74147709e+28
5.90168277e+02 -3.37673769e+28
5.90171572e+02 -1.75284601e+28
5.90174867e+02 1.52709310e+28
5.90178163e+02 -1.70977480e+28
5.90181458e+02 9.44827164e+27
5.90184753e+02 4.57390400e+28
5.90188048e+02 -8.22855016e+28
5.90191343e+02 -5.16493725e+28
5.90194638e+02 -7.56479117e+28
5.90197933e+02 -6.57308451e+28
5.90201228e+02 -7.49202647e+28
5.90204523e+02 -1.17699638e+29
5.90207819e+02 -1.85821847e+28
5.90211114e+02 3.71300172e+28
5.90214409e+02 2.04986829e+28
5.90217704e+02 -5.98253758e+27
5.90220999e+02 -9.79953556e+28
5.90224294e+02 2.40737276e+28
5.90227589e+02 -1.40573838e+28
5.90230884e+02 -4.11421803e+28
5.90234180e+02 4.32150516e+28
5.90237475e+02 4.15598807e+27
5.90240770e+02 4.28571392e+28
5.90244065e+02 6.36691156e+28
5.90247360e+02 1.27576473e+29
5.90250655e+02 -7.76549079e+27
5.90253950e+02 -1.03072030e+29
5.90257245e+02 -7.31474084e+28
5.90260540e+02 2.91880248e+28
5.90263836e+02 1.83775365e+28
5.90267131e+02 1.62629449e+28
5.90270426e+02 -2.16986205e+28
5.90273721e+02 -2.58795541e+28
5.90277016e+02 -1.93998687e+28
5.90280311e+02 9.91808322e+28
5.90283606e+02 5.97048578e+28
5.90286901e+02 -2.98406249e+28
5.90290197e+02 5.50423173e+27
5.90293492e+02 7.02412514e+28
5.90296787e+02 7.96266798e+28
5.90300082e+02 9.81260868e+28
5.90303377e+02 3.78138185e+28
5.90306672e+02 -8.70201736e+28
5.90309967e+02 -7.07963876e+28
5.90313262e+02 -1.15154370e+29
5.90316557e+02 -7.86806927e+26
5.90319853e+02 -3.23570198e+28
5.90323148e+02 3.05717492e+28
5.90326443e+02 2.34517277e+28
5.90329738e+02 -1.11270077e+29
5.90333033e+02 -5.30474817e+27
5.90336328e+02 1.40167099e+27
5.90339623e+02 -9.40339962e+28
5.90342918e+02 -4.04420473e+28
5.90346214e+02 2.74308594e+28
5.90349509e+02 3.04114332e+28
5.90352804e+02 5.25539898e+28
5.90356099e+02 -1.33593351e+27
5.90359394e+02 -4.80909932e+28
5.90362689e+02 -7.73960385e+28
5.90365984e+02 -3.66916594e+28
5.90369279e+02 5.26260423e+28
5.90372574e+02 7.74367699e+28
5.90375870e+02 -7.37296041e+28
5.90379165e+02 -5.39475207e+28
5.90382460e+02 -1.91014640e+28
5.90385755e+02 -3.59785803e+28
5.90389050e+02 2.99196153e+28
5.90392345e+02 4.96962161e+27
5.90395640e+02 2.47426427e+28
5.90398935e+02 -2.08097091e+28
5.90402231e+02 -4.26128220e+28
5.90405526e+02 -2.90285496e+28
5.90408821e+02 -6.54932744e+28
5.90412116e+02 -8.65789846e+28
5.90415411e+02 -7.60259724e+28
