# Wavelength Flux(MR)
5.89098004e+02 -9.88730422e+26
5.89101293e+02 -3.03189911e+27
5.89104583e+02 -4.19719170e+27
5.89107872e+02 -3.14082775e+27
5.89111162e+02 1.22374626e+27
5.89114451e+02 3.58081031e+27
5.89117741e+02 1.98084391e+27
5.89121031e+02 -3.83416513e+26
5.89124320e+02 1.62122654e+26
5.89127610e+02 -1.05048523e+28
5.89130899e+02 -6.04432274e+27
5.89134189e+02 2.03379702e+27
5.89137478e+02 7.52941472e+27
5.89140768e+02 5.69194338e+27
5.89144058e+02 8.53069932e+26
5.89147347e+02 6.23394573e+27
5.89150637e+02 3.00733589e+27
5.89153926e+02 -6.91311308e+26
5.89157216e+02 1.29293165e+27
5.89160506e+02 -2.39431184e+26
5.89163795e+02 -8.49797106e+26
5.89167085e+02 -6.48647677e+26
5.89170374e+02 -1.92772679e+27
5.89173664e+02 4.93568430e+27
5.89176953e+02 4.90191542e+27
5.89180243e+02 1.34055170e+27
5.89183533e+02 -1.18073048e+27
5.89186822e+02 5.66748880e+27
5.89190112e+02 6.86818077e+27
5.89193401e+02 4.35391437e+27
5.89196691e+02 2.34995290e+27
5.89199981e+02 -3.38287871e+27
5.89203270e+02 6.74340531e+27
5.89206560e+02 4.72670724e+27
5.89209849e+02 -2.92269758e+27
5.89213139e+02 3.23230263e+27
5.89216428e+02 2.18934734e+26
5.89219718e+02 -1.95407617e+27
5.89223008e+02 5.42340543e+27
5.89226297e+02 -7.57714784e+27
5.89229587e+02 -7.75393894e+27
5.89232876e+02 -1.13511935e+28
5.89236166e+02 -1.98177980e+28
5.89239455e+02 -1.51254413e+28
5.89242745e+02 -3.21101031e+27
5.89246035e+02 2.08668054e+28
5.89249324e+02 5.21372110e+28
5.89252614e+02 5.39581365e+28
5.89255903e+02 3.15072535e+28
5.89259193e+02 1.95204696e+28
5.89262483e+02 5.87865494e+27
5.89265772e+02 1.23256822e+28
5.89269062e+02 7.85782340e+27
5.89272351e+02 8.50265234e+27
5.89275641e+02 6.03896893e+27
5.89278930e+02 5.85782190e+27
5.89282220e+02 4.68885950e+27
5.89285510e+02 -8.50964768e+26
5.89288799e+02 7.55515454e+27
5.89292089e+02 7.20337578e+27
5.89295378e+02 -4.88116625e+27
5.89298668e+02 -1.26335702e+27
5.89301957e+02 -4.07946268e+26
5.89305247e+02 3.65932238e+27
5.89308537e+02 4.42148387e+27
5.89311826e+02 -2.89560026e+27
5.89315116e+02 3.68888593e+27
5.89318405e+02 2.31831727e+27
5.89321695e+02 8.22803230e+27
5.89324985e+02 8.52696097e+26
5.89328274e+02 -3.41962154e+27
5.89331564e+02 4.47399271e+27
5.89334853e+02 2.86220764e+27
5.89338143e+02 3.63917633e+27
5.89341432e+02 4.54485037e+27
5.89344722e+02 1.57861174e+28
5.89348012e+02 1.37368522e+28
5.89351301e+02 3.49607478e+27
5.89354591e+02 -3.91830852e+27
5.89357880e+02 -7.89628422e+27
5.89361170e+02 -9.67072825e+27
5.89364459e+02 -9.55960326e+27
5.89367749e+02 -5.22333721e+27
5.89371039e+02 -1.95881755e+27
5.89374328e+02 -6.03926328e+27
5.89377618e+02 -2.51544667e+27
5.89380907e+02 1.82398179e+27
5.89384197e+02 7.92462691e+27
5.89387487e+02 1.68992773e+26
5.89390776e+02 7.89265960e+27
5.89394066e+02 -1.12497456e+27
5.89397355e+02 -1.26571979e+27
5.89400645e+02 -1.80034011e+27
5.89403934e+02 -6.00408091e+27
5.89407224e+02 7.33253606e+26
5.89410514e+02 5.66624206e+27
5.89413803e+02 8.76771461e+27
5.89417093e+02 2.94912049e+27
5.89420382e+02 2.44386012e+27
5.89423672e+02 1.12071850e+26
5.89426962e+02 -4.33365323e+27
5.89430251e+02 3.00791182e+26
5.89433541e+02 3.23655426e+27
5.89436830e+02 -2.21404048e+27
5.89440120e+02 -1.13970325e+27
5.89443409e+02 -2.14326825e+27
5.89446699e+02 -2.87474013e+27
5.89449989e+02 -2.54888677e+27
5.89453278e+02 1.71326941e+27
5.89456568e+02 1.09438878e+27
5.89459857e+02 2.29021424e+27
5.89463147e+02 3.36369879e+26
5.89466436e+02 -1.35820012e+27
5.89469726e+02 -4.65702037e+27
5.89473016e+02 -6.43058040e+27
5.89476305e+02 3.57899838e+27
5.89479595e+02 6.77161275e+27
5.89482884e+02 -6.15582537e+26
5.89486174e+02 -1.24876787e+27
5.89489464e+02 1.11459969e+27
5.89492753e+02 6.29147437e+26
5.89496043e+02 3.21725712e+27
5.89499332e+02 9.62487081e+27
5.89502622e+02 6.22062057e+27
5.89505911e+02 3.98283362e+27
5.89509201e+02 -1.94784661e+27
5.89512491e+02 -9.37876735e+27
5.89515780e+02 -6.93913532e+27
5.89519070e+02 -4.77612785e+27
5.89522359e+02 1.91729853e+27
5.89525649e+02 -1.02599138e+28
5.89528938e+02 -2.53229539e+28
5.89532228e+02 -2.78774849e+28
5.89535518e+02 -2.00565517e+28
5.89538807e+02 -1.82025594e+28
5.89542097e+02 -2.03690715e+27
5.89545386e+02 1.04421655e+28
5.89548676e+02 1.40080499e+28
5.89551966e+02 7.83977621e+27
5.89555255e+02 9.63466907e+27
5.89558545e+02 6.13509396e+27
5.89561834e+02 9.32018187e+27
5.89565124e+02 2.44586255e+27
5.89568413e+02 -7.21245941e+27
5.89571703e+02 -6.20993750e+27
5.89574993e+02 -4.66792575e+27
5.89578282e+02 2.32650533e+27
5.89581572e+02 2.75934872e+27
5.89584861e+02 3.48752972e+27
5.89588151e+02 -4.17867281e+27
5.89591441e+02 7.55891018e+26
5.89594730e+02 1.74764309e+27
5.89598020e+02 -3.23245523e+27
5.89601309e+02 -1.74856605e+27
5.89604599e+02 -3.82009635e+27
5.89607888e+02 -1.22910241e+27
5.89611178e+02 1.82183678e+27
5.89614468e+02 -1.92151443e+27
5.89617757e+02 -7.61266450e+27
5.89621047e+02 -3.59211500e+27
5.89624336e+02 1.28349340e+27
5.89627626e+02 -1.71006962e+27
5.89630915e+02 -1.72244624e+27
5.89634205e+02 -4.13687081e+27
5.89637495e+02 2.17870980e+27
5.89640784e+02 3.03028347e+26
5.89644074e+02 -1.39864034e+27
5.89647363e+02 -4.83055727e+27
5.89650653e+02 7.24175658e+26
5.89653943e+02 -3.09396434e+27
5.89657232e+02 -1.32224822e+27
5.89660522e+02 1.52268717e+27
5.89663811e+02 -7.12433800e+27
5.89667101e+02 -6.13843522e+26
5.89670390e+02 5.38567523e+27
5.89673680e+02 -6.11034525e+26
5.89676970e+02 -3.99502189e+27
5.89680259e+02 -3.11546272e+27
5.89683549e+02 7.08639877e+26
5.89686838e+02 -1.20104015e+27
5.89690128e+02 -2.53664005e+27
5.89693417e+02 -2.01072817e+27
5.89696707e+02 7.19133210e+26
5.89699997e+02 -2.48209416e+27
5.89703286e+02 -3.92170908e+27
5.89706576e+02 -3.38521832e+27
5.89709865e+02 -3.40309902e+27
5.89713155e+02 -1.03659495e+27
5.89716445e+02 -4.77271115e+27
5.89719734e+02 -3.30085157e+27
5.89723024e+02 -7.37738716e+27
5.89726313e+02 -1.73413159e+27
5.89729603e+02 -2.53698963e+27
5.89732892e+02 6.48470589e+26
5.89736182e+02 -3.30193916e+27
5.89739472e+02 -1.29548535e+27
5.89742761e+02 -1.79893715e+27
5.89746051e+02 -6.27129977e+27
5.89749340e+02 -2.93117934e+27
5.89752630e+02 3.04967995e+27
5.89755919e+02 -2.44758012e+27
5.89759209e+02 2.02600389e+27
5.89762499e+02 -3.98354711e+27
5.89765788e+02 1.74982014e+27
5.89769078e+02 4.09763371e+27
5.89772367e+02 -2.99571647e+27
5.89775657e+02 -2.68075756e+27
5.89778947e+02 4.63472488e+27
5.89782236e+02 1.56015713e+27
5.89785526e+02 1.49830922e+27
5.89788815e+02 -8.25316350e+26
5.89792105e+02 1.67737122e+26
5.89795394e+02 7.39853855e+27
5.89798684e+02 4.05158342e+27
5.89801974e+02 5.33145300e+27
5.89805263e+02 8.08298293e+26
5.89808553e+02 -1.93794395e+26
5.89811842e+02 5.15226335e+26
5.89815132e+02 3.53570105e+27
5.89818422e+02 2.05583685e+27
5.89821711e+02 -1.08586463e+27
5.89825001e+02 -5.05754613e+27
5.89828290e+02 -8.59183099e+27
5.89831580e+02 -1.39398398e+28
5.89834869e+02 -2.27574158e+28
5.89838159e+02 -1.83711597e+28
5.89841449e+02 -7.57517316e+27
5.89844738e+02 4.81862069e+27
5.89848028e+02 2.49044410e+28
5.89851317e+02 3.37716473e+28
5.89854607e+02 2.37737630e+28
5.89857896e+02 1.55245536e+28
5.89861186e+02 1.37408162e+28
5.89864476e+02 1.17369439e+28
5.89867765e+02 8.80000392e+27
5.89871055e+02 1.18472130e+28
5.89874344e+02 7.68310423e+27
5.89877634e+02 8.97200458e+27
5.89880924e+02 4.47789054e+27
5.89884213e+02 -1.51326958e+27
5.89887503e+02 4.34225253e+27
5.89890792e+02 1.17096020e+27
5.89894082e+02 4.29481672e+27
5.89897371e+02 1.04028860e+27
5.89900661e+02 3.64759822e+26
5.89903951e+02 1.31769027e+26
5.89907240e+02 7.56453976e+26
5.89910530e+02 -4.29174921e+27
5.89913819e+02 -3.13048280e+27
5.89917109e+02 -1.92048642e+27
5.89920398e+02 -1.55115155e+27
5.89923688e+02 -8.97356440e+26
5.89926978e+02 -1.79427732e+27
5.89930267e+02 -2.39882265e+26
5.89933557e+02 -2.93905150e+27
5.89936846e+02 -1.72687158e+27
5.89940136e+02 -5.98521046e+27
5.89943426e+02 -3.51854514e+27
5.89946715e+02 -2.61427895e+27
5.89950005e+02 -1.08089412e+27
5.89953294e+02 1.28997256e+27
5.89956584e+02 -3.33360054e+27
5.89959873e+02 -2.96119911e+27
5.89963163e+02 3.27351114e+26
5.89966453e+02 -6.83578669e+26
5.89969742e+02 1.60301461e+26
5.89973032e+02 -4.64217487e+27
5.89976321e+02 -6.33370861e+27
5.89979611e+02 -5.01287913e+27
5.89982901e+02 -6.83296416e+27
5.89986190e+02 1.68679712e+27
5.89989480e+02 2.62714422e+27
5.89992769e+02 1.42215018e+27
5.89996059e+02 2.47720144e+27
5.89999348e+02 4.69814672e+26
5.90002638e+02 2.41632256e+27
5.90005928e+02 1.29613073e+26
5.90009217e+02 2.48581699e+27
5.90012507e+02 4.62133704e+27
5.90015796e+02 1.06537430e+27
5.90019086e+02 -1.16274515e+27
5.90022375e+02 1.00282458e+27
5.90025665e+02 5.76710563e+26
5.90028955e+02 5.82768899e+25
5.90032244e+02 -2.54266929e+27
5.90035534e+02 3.85166115e+27
5.90038823e+02 2.61465882e+27
5.90042113e+02 -5.70367260e+27
5.90045403e+02 -4.32896854e+26
5.90048692e+02 7.69629390e+26
5.90051982e+02 1.06264243e+27
5.90055271e+02 -3.84446358e+27
5.90058561e+02 -2.01947736e+26
5.90061850e+02 2.71503419e+26
5.90065140e+02 -1.29020027e+28
5.90068430e+02 -1.06783152e+28
5.90071719e+02 3.07011041e+26
5.90075009e+02 6.09598429e+27
5.90078298e+02 3.48781008e+27
5.90081588e+02 1.80486338e+27
5.90084877e+02 1.55918593e+27
5.90088167e+02 -4.57516708e+27
5.90091457e+02 -2.42305362e+27
5.90094746e+02 -2.34539460e+27
5.90098036e+02 -3.72097991e+27
5.90101325e+02 -3.11261554e+27
5.90104615e+02 -2.73056233e+27
5.90107905e+02 -6.77510550e+26
5.90111194e+02 -5.71670609e+26
5.90114484e+02 -1.50556179e+27
5.90117773e+02 -1.41033660e+27
5.90121063e+02 -1.33305314e+27
5.90124352e+02 -3.62997543e+27
5.90127642e+02 -3.65594149e+27
5.90130932e+02 2.05907977e+27
5.90134221e+02 1.07712958e+27
5.90137511e+02 -2.25184091e+27
5.90140800e+02 -3.83097529e+27
5.90144090e+02 1.60651118e+27
5.90147379e+02 7.11460398e+26
5.90150669e+02 1.65590876e+27
5.90153959e+02 3.26448159e+27
5.90157248e+02 8.82525249e+27
5.90160538e+02 1.23258844e+28
5.90163827e+02 6.08286355e+26
5.90167117e+02 -4.32554113e+27
5.90170407e+02 -7.75824272e+27
5.90173696e+02 -1.16530851e+28
5.90176986e+02 -5.90858405e+27
5.90180275e+02 -1.21023075e+27
5.90183565e+02 -1.74617237e+27
5.90186854e+02 7.91195369e+27
5.90190144e+02 3.69220976e+27
5.90193434e+02 1.35370348e+26
5.90196723e+02 -2.97405747e+27
5.90200013e+02 -3.47868838e+27
5.90203302e+02 -6.59053317e+27
5.90206592e+02 -5.93403485e+27
5.90209882e+02 -4.99150471e+27
5.90213171e+02 -4.14473101e+26
5.90216461e+02 -6.61556214e+27
5.90219750e+02 -1.10065929e+27
5.90223040e+02 1.44218823e+27
5.90226329e+02 1.78626031e+27
5.90229619e+02 -6.37827289e+26
5.90232909e+02 -6.04882953e+27
5.90236198e+02 -1.83112288e+27
5.90239488e+02 2.26393557e+26
5.90242777e+02 -1.09838486e+27
5.90246067e+02 3.22002921e+27
5.90249356e+02 3.66300076e+26
5.90252646e+02 -4.53286124e+27
5.90255936e+02 1.00036350e+27
5.90259225e+02 -3.50174671e+27
5.90262515e+02 6.05531724e+26
5.90265804e+02 3.61329377e+27
5.90269094e+02 1.01934578e+27
5.90272384e+02 -1.76415186e+27
5.90275673e+02 -1.77348394e+27
5.90278963e+02 -3.51908763e+27
5.90282252e+02 -7.16872776e+26
5.90285542e+02 -1.11105514e+27
5.90288831e+02 8.54337037e+26
5.90292121e+02 3.09830842e+27
5.90295411e+02 2.21231156e+27
5.90298700e+02 7.51343677e+27
5.90301990e+02 7.41968676e+27
5.90305279e+02 -1.14741122e+27
5.90308569e+02 -9.38349390e+27
5.90311858e+02 -7.09775972e+27
5.90315148e+02 -2.35474747e+27
5.90318438e+02 -5.77468685e+26
5.90321727e+02 5.45818231e+27
5.90325017e+02 3.14335408e+27
5.90328306e+02 1.09918986e+28
5.90331596e+02 1.71392519e+27
5.90334886e+02 1.54004801e+27
5.90338175e+02 1.55564657e+27
5.90341465e+02 -5.37874160e+27
5.90344754e+02 -3.21728147e+27
5.90348044e+02 7.02580340e+26
5.90351333e+02 -2.79274409e+27
5.90354623e+02 -1.62721374e+27
5.90357913e+02 -2.03622319e+26
5.90361202e+02 2.15983149e+27
5.90364492e+02 -2.02870592e+27
5.90367781e+02 1.97803272e+27
5.90371071e+02 -9.11623197e+26
5.90374361e+02 -2.24023642e+25
5.90377650e+02 -8.18349014e+27
5.90380940e+02 -1.62643523e+27
5.90384229e+02 3.48955494e+27
5.90387519e+02 6.42906513e+26
5.90390808e+02 -3.67972321e+27
5.90394098e+02 6.89399374e+26
5.90397388e+02 8.76035883e+26
5.90400677e+02 -1.12544330e+27
5.90403967e+02 2.16414358e+27
5.90407256e+02 -3.22370935e+26
5.90410546e+02 2.98722013e+27
5.90413835e+02 -4.02396773e+26
