# Wavelength Flux(MR)
5.89097364e+02 -2.93070503e+27
5.89100659e+02 -4.15043098e+26
5.89103954e+02 -1.20241530e+27
5.89107249e+02 -1.08961059e+27
5.89110544e+02 2.35611903e+27
5.89113839e+02 1.82443284e+27
5.89117135e+02 7.07013108e+26
5.89120430e+02 4.82185587e+26
5.89123725e+02 -1.61755383e+27
5.89127020e+02 -6.93427952e+27
5.89130315e+02 -5.99322250e+27
5.89133610e+02 4.58840336e+26
5.89136905e+02 2.44968842e+27
5.89140200e+02 4.03332688e+27
5.89143496e+02 4.38675454e+27
5.89146791e+02 1.20616078e+27
5.89150086e+02 2.63859366e+27
5.89153381e+02 3.17693113e+27
5.89156676e+02 1.98086568e+27
5.89159971e+02 3.22770290e+27
5.89163266e+02 3.13034791e+27
5.89166561e+02 1.02443830e+27
5.89169856e+02 -2.31801770e+27
5.89173152e+02 -2.01935429e+27
5.89176447e+02 -1.30203942e+27
5.89179742e+02 -2.12373304e+26
5.89183037e+02 2.32278264e+27
5.89186332e+02 9.65454090e+26
5.89189627e+02 3.11367281e+27
5.89192922e+02 1.20118920e+27
5.89196217e+02 4.16008763e+26
5.89199513e+02 9.53369031e+26
5.89202808e+02 2.63567568e+27
5.89206103e+02 3.40707623e+26
5.89209398e+02 -6.45821420e+26
5.89212693e+02 4.77376046e+26
5.89215988e+02 -5.72961895e+25
5.89219283e+02 -4.21397942e+27
5.89222578e+02 -7.43680429e+27
5.89225873e+02 -8.87887327e+27
5.89229169e+02 -8.58008873e+27
5.89232464e+02 -3.62750727e+27
5.89235759e+02 1.23980245e+28
5.89239054e+02 4.61901068e+28
5.89242349e+02 8.42728125e+28
5.89245644e+02 9.93400370e+28
5.89248939e+02 7.68550349e+28
5.89252234e+02 3.28183805e+28
5.89255530e+02 9.05479498e+27
5.89258825e+02 8.74248243e+26
5.89262120e+02 7.39541447e+26
5.89265415e+02 3.50394239e+27
5.89268710e+02 1.17034199e+27
5.89272005e+02 -1.26176942e+27
5.89275300e+02 -7.10129397e+26
5.89278595e+02 -2.55958624e+27
5.89281890e+02 -2.84507973e+27
5.89285186e+02 -2.23583888e+27
5.89288481e+02 -1.48819598e+27
5.89291776e+02 -1.81512395e+26
5.89295071e+02 5.57316552e+26
5.89298366e+02 1.62143752e+27
5.89301661e+02 2.15077425e+27
5.89304956e+02 1.81681462e+27
5.89308251e+02 1.17757116e+27
5.89311547e+02 2.01416691e+27
5.89314842e+02 1.03427656e+27
5.89318137e+02 1.08144374e+27
5.89321432e+02 3.07961295e+26
5.89324727e+02 -9.00311441e+26
5.89328022e+02 -4.47199002e+27
5.89331317e+02 -4.15858248e+27
5.89334612e+02 -1.38773510e+27
5.89337907e+02 6.96170736e+26
5.89341203e+02 3.06807201e+27
5.89344498e+02 2.34369897e+27
5.89347793e+02 -1.06687590e+27
5.89351088e+02 -1.41737229e+27
5.89354383e+02 -3.71109297e+27
5.89357678e+02 -2.76212757e+27
5.89360973e+02 1.00348025e+26
5.89364268e+02 -6.59207778e+26
5.89367564e+02 -7.25586825e+26
5.89370859e+02 -1.01491774e+27
5.89374154e+02 -8.02246347e+26
5.89377449e+02 -3.44472176e+26
5.89380744e+02 -1.19241816e+27
5.89384039e+02 1.39225951e+27
5.89387334e+02 9.32915103e+26
5.89390629e+02 8.09610679e+26
5.89393924e+02 4.91544387e+26
5.89397220e+02 -1.08663265e+27
5.89400515e+02 -4.61963622e+27
5.89403810e+02 -5.72468683e+27
5.89407105e+02 -3.78479375e+27
5.89410400e+02 -7.83239767e+26
5.89413695e+02 9.39646034e+26
5.89416990e+02 2.39748023e+27
5.89420285e+02 2.17841097e+26
5.89423581e+02 -1.14931947e+26
5.89426876e+02 -5.50242667e+26
5.89430171e+02 -1.48496366e+27
5.89433466e+02 -6.75308078e+26
5.89436761e+02 -9.64882132e+26
5.89440056e+02 -8.62144070e+26
5.89443351e+02 -6.31965119e+26
5.89446646e+02 -1.01340256e+27
5.89449941e+02 -9.36739999e+26
5.89453237e+02 1.69209272e+27
5.89456532e+02 9.02751076e+25
5.89459827e+02 3.75344219e+26
5.89463122e+02 -1.72569382e+27
5.89466417e+02 -3.76070977e+27
5.89469712e+02 -3.08794963e+27
5.89473007e+02 -1.43266678e+27
5.89476302e+02 -2.00641034e+26
5.89479598e+02 1.11750214e+27
5.89482893e+02 2.07271754e+27
5.89486188e+02 2.66121452e+27
5.89489483e+02 2.37180802e+27
5.89492778e+02 3.67589179e+27
5.89496073e+02 3.70819241e+27
5.89499368e+02 3.60704412e+27
5.89502663e+02 9.24276388e+26
5.89505959e+02 -5.47369045e+26
5.89509254e+02 -2.37374603e+27
5.89512549e+02 -6.79575330e+27
5.89515844e+02 -1.11471878e+28
5.89519139e+02 -1.30249484e+28
5.89522434e+02 -1.21111869e+28
5.89525729e+02 -9.56944470e+27
5.89529024e+02 -2.18373162e+27
5.89532319e+02 1.95837181e+27
5.89535615e+02 2.55448195e+27
5.89538910e+02 1.58759386e+27
5.89542205e+02 2.04879918e+27
5.89545500e+02 1.37411325e+27
5.89548795e+02 -1.17042098e+27
5.89552090e+02 -1.33710317e+27
5.89555385e+02 -1.71266523e+27
5.89558680e+02 -2.33088605e+27
5.89561976e+02 -2.94149831e+27
5.89565271e+02 -4.01721110e+27
5.89568566e+02 -2.21626712e+27
5.89571861e+02 -1.00952032e+27
5.89575156e+02 -3.45573013e+27
5.89578451e+02 -2.48663167e+27
5.89581746e+02 -1.17742372e+27
5.89585041e+02 -7.76239321e+26
5.89588336e+02 -1.27420863e+27
5.89591632e+02 -8.99746499e+26
5.89594927e+02 -1.39057907e+27
5.89598222e+02 -3.44586288e+27
5.89601517e+02 -3.80335688e+27
5.89604812e+02 -3.14644166e+27
5.89608107e+02 -3.10544401e+27
5.89611402e+02 -2.48383558e+27
5.89614697e+02 -1.45782751e+27
5.89617993e+02 -1.41624158e+27
5.89621288e+02 -1.18508775e+27
5.89624583e+02 -1.76356108e+27
5.89627878e+02 -1.21182997e+27
5.89631173e+02 -1.72078730e+27
5.89634468e+02 -1.33571436e+27
5.89637763e+02 -9.36583600e+26
5.89641058e+02 -1.27547958e+27
5.89644353e+02 -1.42110195e+27
5.89647649e+02 -2.46990244e+27
5.89650944e+02 -1.30610671e+27
5.89654239e+02 -2.47496491e+27
5.89657534e+02 -4.05008344e+27
5.89660829e+02 -4.89426132e+27
5.89664124e+02 -4.01753846e+27
5.89667419e+02 -1.43294506e+27
5.89670714e+02 -1.73531419e+27
5.89674010e+02 -1.90284033e+27
5.89677305e+02 -3.35955965e+27
5.89680600e+02 -3.86829044e+27
5.89683895e+02 -2.05836404e+27
5.89687190e+02 -1.34362557e+27
5.89690485e+02 -1.44651642e+27
5.89693780e+02 -1.44178723e+27
5.89697075e+02 -3.09064514e+26
5.89700370e+02 -2.54485963e+27
5.89703666e+02 -2.32018211e+27
5.89706961e+02 -2.81626303e+27
5.89710256e+02 -2.61151464e+27
5.89713551e+02 -1.56581284e+27
5.89716846e+02 -1.64848044e+27
5.89720141e+02 -2.97275077e+27
5.89723436e+02 -1.44490292e+27
5.89726731e+02 -2.39727744e+27
5.89730027e+02 -3.03340253e+27
5.89733322e+02 -1.14322941e+27
5.89736617e+02 -8.06639939e+26
5.89739912e+02 -1.78268172e+27
5.89743207e+02 -1.49808496e+26
5.89746502e+02 -5.63861501e+26
5.89749797e+02 1.53201425e+27
5.89753092e+02 3.82537313e+26
5.89756387e+02 9.33583805e+26
5.89759683e+02 1.07507313e+27
5.89762978e+02 5.72002412e+26
5.89766273e+02 1.63382453e+27
5.89769568e+02 1.99052145e+27
5.89772863e+02 8.60893203e+26
5.89776158e+02 9.76275165e+26
5.89779453e+02 3.98398155e+27
5.89782748e+02 2.22536670e+27
5.89786044e+02 9.16993647e+26
5.89789339e+02 3.05099740e+27
5.89792634e+02 2.28880240e+27
5.89795929e+02 3.46398580e+27
5.89799224e+02 2.66393432e+27
5.89802519e+02 2.14799292e+27
5.89805814e+02 2.66345188e+27
5.89809109e+02 -3.26271449e+26
5.89812404e+02 -2.48543681e+27
5.89815700e+02 -4.41992720e+27
5.89818995e+02 -6.71402806e+27
5.89822290e+02 -8.34520944e+27
5.89825585e+02 -9.78725720e+27
5.89828880e+02 -6.85741519e+27
5.89832175e+02 7.01755445e+26
5.89835470e+02 1.88788357e+28
5.89838765e+02 4.62330835e+28
5.89842061e+02 6.42450574e+28
5.89845356e+02 6.07791195e+28
5.89848651e+02 3.74002622e+28
5.89851946e+02 1.36402724e+28
5.89855241e+02 4.44500592e+27
5.89858536e+02 2.78819758e+27
5.89861831e+02 3.69322209e+27
5.89865126e+02 1.35794842e+27
5.89868421e+02 -2.25666876e+26
5.89871717e+02 6.44885866e+26
5.89875012e+02 -1.50335109e+27
5.89878307e+02 -2.26287665e+27
5.89881602e+02 -3.25680564e+26
5.89884897e+02 -9.91959902e+26
5.89888192e+02 -1.41953726e+27
5.89891487e+02 -2.28104233e+26
5.89894782e+02 -4.10340160e+26
5.89898078e+02 1.09989879e+26
5.89901373e+02 -7.44854856e+26
5.89904668e+02 -1.58734815e+27
5.89907963e+02 -1.78538227e+27
5.89911258e+02 -3.81892640e+27
5.89914553e+02 -3.88954063e+27
5.89917848e+02 -1.11552057e+27
5.89921143e+02 4.26598427e+26
5.89924438e+02 1.14170617e+27
5.89927734e+02 -3.24062403e+26
5.89931029e+02 4.50612841e+26
5.89934324e+02 -1.04081621e+27
5.89937619e+02 -8.27942469e+26
5.89940914e+02 -4.85934163e+26
5.89944209e+02 -1.15453804e+27
5.89947504e+02 1.65806566e+26
5.89950799e+02 -3.89031009e+26
5.89954095e+02 4.90997620e+26
5.89957390e+02 -5.19121546e+26
5.89960685e+02 2.75998020e+25
5.89963980e+02 1.88229546e+27
5.89967275e+02 4.00827109e+27
5.89970570e+02 2.97475657e+27
5.89973865e+02 1.29163341e+27
5.89977160e+02 -3.41369625e+27
5.89980455e+02 -6.92565583e+27
5.89983751e+02 -5.24260250e+27
5.89987046e+02 -1.54237037e+27
5.89990341e+02 2.72528015e+27
5.89993636e+02 1.93027292e+27
5.89996931e+02 2.65387859e+27
5.90000226e+02 1.29178840e+27
5.90003521e+02 -1.57087725e+26
5.90006816e+02 -9.57508382e+25
5.90010112e+02 -5.10132809e+26
5.90013407e+02 -2.58618010e+26
5.90016702e+02 -2.05381875e+27
5.90019997e+02 -1.06724293e+27
5.90023292e+02 -4.93565289e+26
5.90026587e+02 -2.49778737e+26
5.90029882e+02 -1.42882768e+27
5.90033177e+02 -9.33008331e+26
5.90036472e+02 -1.43896686e+27
5.90039768e+02 2.99315611e+26
5.90043063e+02 -5.85121342e+25
5.90046358e+02 2.38495472e+26
5.90049653e+02 -6.98772719e+25
5.90052948e+02 -1.92383722e+27
5.90056243e+02 -1.88010261e+27
5.90059538e+02 -4.00953774e+27
5.90062833e+02 -5.93266130e+27
5.90066129e+02 -3.70817732e+27
5.90069424e+02 -4.19870796e+27
5.90072719e+02 -2.07013828e+27
5.90076014e+02 5.04204624e+26
5.90079309e+02 9.64339056e+26
5.90082604e+02 -1.54102670e+25
5.90085899e+02 -9.16829856e+25
5.90089194e+02 -1.72877057e+27
5.90092489e+02 -1.57128658e+27
5.90095785e+02 -1.68052362e+27
5.90099080e+02 -2.88362762e+27
5.90102375e+02 -3.53021328e+27
5.90105670e+02 -3.05938222e+27
5.90108965e+02 -1.57713770e+27
5.90112260e+02 -3.40140603e+27
5.90115555e+02 -3.39141944e+27
5.90118850e+02 -1.35815261e+27
5.90122146e+02 -1.99981801e+27
5.90125441e+02 -2.49783528e+27
5.90128736e+02 -1.41963948e+26
5.90132031e+02 1.83042964e+27
5.90135326e+02 2.33871658e+27
5.90138621e+02 4.05680146e+27
5.90141916e+02 3.60962431e+27
5.90145211e+02 5.11489988e+27
5.90148506e+02 5.99019652e+27
5.90151802e+02 3.82317495e+27
5.90155097e+02 1.20176384e+27
5.90158392e+02 -2.43102415e+27
5.90161687e+02 -6.28720086e+27
5.90164982e+02 -6.05244606e+27
5.90168277e+02 -6.09128367e+27
5.90171572e+02 -3.30888480e+27
5.90174867e+02 1.01439991e+27
5.90178163e+02 3.44672889e+27
5.90181458e+02 3.92821472e+27
5.90184753e+02 3.19590380e+27
5.90188048e+02 1.75052650e+27
5.90191343e+02 1.47380463e+27
5.90194638e+02 8.81249131e+26
5.90197933e+02 -8.38779889e+26
5.90201228e+02 -1.57226597e+26
5.90204523e+02 -1.80559301e+27
5.90207819e+02 -2.78935052e+27
5.90211114e+02 -1.89094454e+27
5.90214409e+02 -2.52473760e+27
5.90217704e+02 -2.01335530e+27
5.90220999e+02 -3.17312654e+27
5.90224294e+02 -1.80024677e+27
5.90227589e+02 -3.11302404e+26
5.90230884e+02 -9.33261757e+26
5.90234180e+02 -2.71457860e+27
5.90237475e+02 -3.22025828e+27
5.90240770e+02 -1.99845958e+27
5.90244065e+02 -1.29749303e+27
5.90247360e+02 -2.45414508e+27
5.90250655e+02 -1.99846185e+27
5.90253950e+02 -2.73476130e+27
5.90257245e+02 -3.23222478e+27
5.90260540e+02 -3.64162408e+27
5.90263836e+02 -1.36822355e+27
5.90267131e+02 -3.05459932e+26
5.90270426e+02 -6.04624881e+26
5.90273721e+02 -1.65213630e+26
5.90277016e+02 -8.74833045e+26
5.90280311e+02 5.36923214e+26
5.90283606e+02 1.23126722e+26
5.90286901e+02 1.54962809e+27
5.90290197e+02 1.97891230e+27
5.90293492e+02 3.96613414e+27
5.90296787e+02 5.74434023e+27
5.90300082e+02 5.17108695e+27
5.90303377e+02 1.28886264e+27
5.90306672e+02 -2.40330357e+27
5.90309967e+02 -6.70711187e+27
5.90313262e+02 -6.42928636e+27
5.90316557e+02 -2.93476405e+27
5.90319853e+02 2.70320010e+27
5.90323148e+02 5.19386182e+27
5.90326443e+02 4.33665387e+27
5.90329738e+02 3.65219918e+27
5.90333033e+02 2.13129835e+27
5.90336328e+02 1.10982935e+27
5.90339623e+02 1.75640783e+27
5.90342918e+02 -8.92833304e+26
5.90346214e+02 -4.06324714e+26
5.90349509e+02 -8.57143726e+26
5.90352804e+02 -3.38700186e+26
5.90356099e+02 1.85163271e+26
5.90359394e+02 4.45462038e+26
5.90362689e+02 7.47717088e+26
5.90365984e+02 -7.81179265e+26
5.90369279e+02 -3.70311952e+26
5.90372574e+02 -2.99174243e+27
5.90375870e+02 -3.02242689e+27
5.90379165e+02 -3.04349815e+27
5.90382460e+02 -4.28593082e+27
5.90385755e+02 -1.75551461e+27
5.90389050e+02 -1.67671178e+27
5.90392345e+02 -1.79831103e+27
5.90395640e+02 2.13609177e+26
5.90398935e+02 -9.12730491e+26
5.90402231e+02 -6.12994707e+26
5.90405526e+02 2.22136961e+26
5.90408821e+02 -1.14149622e+27
5.90412116e+02 -1.46682081e+27
5.90415411e+02 1.26072868e+26
