# Wavelength Flux(MR)
5.89097364e+02 -3.07474845e+27
5.89100659e+02 -1.18673946e+27
5.89103954e+02 -1.92460790e+27
5.89107249e+02 1.38014662e+27
5.89110544e+02 1.38549688e+27
5.89113839e+02 1.97826303e+27
5.89117135e+02 1.02434329e+27
5.89120430e+02 -3.76886839e+26
5.89123725e+02 -3.70546169e+27
5.89127020e+02 -6.36293955e+27
5.89130315e+02 -4.66100922e+27
5.89133610e+02 1.30486855e+27
5.89136905e+02 4.85304927e+27
5.89140200e+02 4.80429373e+27
5.89143496e+02 4.83296623e+27
5.89146791e+02 1.97852516e+27
5.89150086e+02 7.97741422e+26
5.89153381e+02 7.26329293e+26
5.89156676e+02 1.40157404e+27
5.89159971e+02 1.88386967e+27
5.89163266e+02 1.69707383e+27
5.89166561e+02 6.90391949e+26
5.89169856e+02 -2.25116112e+27
5.89173152e+02 -3.11596124e+27
5.89176447e+02 -1.72045968e+26
5.89179742e+02 2.46130083e+26
5.89183037e+02 1.21556700e+27
5.89186332e+02 -8.48773780e+26
5.89189627e+02 8.74468438e+26
5.89192922e+02 7.27677659e+26
5.89196217e+02 4.93864455e+26
5.89199513e+02 1.94213610e+27
5.89202808e+02 1.24423905e+27
5.89206103e+02 1.80630936e+27
5.89209398e+02 2.11036126e+25
5.89212693e+02 -2.18234224e+27
5.89215988e+02 -3.77298106e+27
5.89219283e+02 -5.76635675e+27
5.89222578e+02 -7.71866496e+27
5.89225873e+02 -1.07335983e+28
5.89229169e+02 -9.11293031e+27
5.89232464e+02 -1.39743507e+27
5.89235759e+02 1.91266162e+28
5.89239054e+02 5.61605530e+28
5.89242349e+02 9.42944287e+28
5.89245644e+02 1.00678865e+29
5.89248939e+02 6.65133138e+28
5.89252234e+02 2.60136553e+28
5.89255530e+02 6.58735214e+27
5.89258825e+02 2.35907378e+27
5.89262120e+02 4.92854250e+26
5.89265415e+02 1.33405360e+27
5.89268710e+02 1.52921925e+27
5.89272005e+02 1.56320546e+27
5.89275300e+02 4.01513226e+26
5.89278595e+02 -3.20942052e+27
5.89281890e+02 -2.95737501e+27
5.89285186e+02 -1.31393204e+27
5.89288481e+02 3.94167287e+26
5.89291776e+02 3.12196978e+27
5.89295071e+02 5.32332697e+26
5.89298366e+02 1.99091393e+27
5.89301661e+02 2.09177807e+27
5.89304956e+02 1.83402259e+27
5.89308251e+02 2.00140790e+27
5.89311547e+02 1.77502966e+27
5.89314842e+02 7.22295964e+26
5.89318137e+02 1.24881454e+27
5.89321432e+02 8.30112803e+26
5.89324727e+02 -2.35481382e+27
5.89328022e+02 -5.47427157e+27
5.89331317e+02 -4.29371877e+27
5.89334612e+02 9.88329543e+26
5.89337907e+02 4.29421073e+27
5.89341203e+02 3.88916233e+27
5.89344498e+02 1.49896444e+27
5.89347793e+02 -1.70246562e+27
5.89351088e+02 -8.51847637e+26
5.89354383e+02 -1.13335032e+27
5.89357678e+02 -1.87419001e+27
5.89360973e+02 -2.09497386e+27
5.89364268e+02 -5.30163775e+26
5.89367564e+02 -1.57081356e+26
5.89370859e+02 1.06323057e+27
5.89374154e+02 5.76762965e+26
5.89377449e+02 -1.83246838e+27
5.89380744e+02 -8.50321677e+26
5.89384039e+02 1.15981178e+27
5.89387334e+02 -2.82537191e+26
5.89390629e+02 9.45174983e+26
5.89393924e+02 5.26599154e+26
5.89397220e+02 -2.00120057e+27
5.89400515e+02 -3.97035141e+27
5.89403810e+02 -5.29181023e+27
5.89407105e+02 -3.00955943e+27
5.89410400e+02 -7.04738846e+26
5.89413695e+02 1.71332361e+27
5.89416990e+02 -1.03571709e+27
5.89420285e+02 1.13089543e+27
5.89423581e+02 1.28897688e+27
5.89426876e+02 -1.42856638e+27
5.89430171e+02 -4.76731661e+26
5.89433466e+02 5.20247808e+26
5.89436761e+02 -3.36808720e+26
5.89440056e+02 6.25149912e+26
5.89443351e+02 1.94686299e+26
5.89446646e+02 -5.64534123e+26
5.89449941e+02 8.54480142e+25
5.89453237e+02 -1.26303944e+27
5.89456532e+02 -1.20824881e+27
5.89459827e+02 -1.13064683e+27
5.89463122e+02 -2.30834746e+27
5.89466417e+02 -2.20826527e+27
5.89469712e+02 -4.90784892e+27
5.89473007e+02 -2.23680074e+27
5.89476302e+02 -1.17009086e+27
5.89479598e+02 1.39803424e+27
5.89482893e+02 1.62560911e+27
5.89486188e+02 1.65892219e+25
5.89489483e+02 4.31729654e+27
5.89492778e+02 8.03556835e+26
5.89496073e+02 2.76329667e+27
5.89499368e+02 5.51791054e+26
5.89502663e+02 3.30657323e+26
5.89505959e+02 4.74640895e+26
5.89509254e+02 -3.32677884e+27
5.89512549e+02 -7.97585073e+27
5.89515844e+02 -1.17260116e+28
5.89519139e+02 -1.17240737e+28
5.89522434e+02 -1.08285638e+28
5.89525729e+02 -7.34743031e+27
5.89529024e+02 -1.87293348e+26
5.89532319e+02 3.13010441e+27
5.89535615e+02 4.10668633e+27
5.89538910e+02 5.12101163e+27
5.89542205e+02 2.44690409e+27
5.89545500e+02 1.24626314e+27
5.89548795e+02 4.45793591e+26
5.89552090e+02 -1.88385951e+27
5.89555385e+02 -2.02015607e+27
5.89558680e+02 -2.06000486e+27
5.89561976e+02 -3.87538046e+27
5.89565271e+02 -2.30885937e+27
5.89568566e+02 -1.85860614e+27
5.89571861e+02 -6.29535539e+26
5.89575156e+02 -3.11998734e+27
5.89578451e+02 -4.17213114e+27
5.89581746e+02 -2.68625308e+27
5.89585041e+02 -8.70049359e+26
5.89588336e+02 -4.05128291e+25
5.89591632e+02 -6.56342756e+26
5.89594927e+02 -2.82568722e+27
5.89598222e+02 -3.82223857e+27
5.89601517e+02 -3.61381182e+27
5.89604812e+02 -3.67418398e+27
5.89608107e+02 -2.00028745e+27
5.89611402e+02 -9.73535944e+26
5.89614697e+02 -2.76221448e+26
5.89617993e+02 -2.46331012e+26
5.89621288e+02 -1.27525620e+27
5.89624583e+02 -2.22211496e+27
5.89627878e+02 -9.95844547e+26
5.89631173e+02 -1.27030649e+27
5.89634468e+02 -2.28334533e+27
5.89637763e+02 -3.06270796e+27
5.89641058e+02 -4.72283591e+26
5.89644353e+02 -1.15309041e+27
5.89647649e+02 -1.41818935e+27
5.89650944e+02 -9.51276948e+26
5.89654239e+02 -1.95920142e+27
5.89657534e+02 -2.51973702e+27
5.89660829e+02 -4.53862528e+27
5.89664124e+02 -7.79300872e+26
5.89667419e+02 -3.45087219e+26
5.89670714e+02 4.19082094e+26
5.89674010e+02 -1.66001451e+27
5.89677305e+02 -4.59816981e+27
5.89680600e+02 -2.88347068e+27
5.89683895e+02 -1.71495031e+26
5.89687190e+02 -7.87626263e+26
5.89690485e+02 -1.44986685e+27
5.89693780e+02 -1.83077708e+26
5.89697075e+02 -3.36190530e+26
5.89700370e+02 -3.11157673e+27
5.89703666e+02 -1.80372748e+27
5.89706961e+02 -2.34079920e+27
5.89710256e+02 -2.27047916e+27
5.89713551e+02 -2.79438494e+27
5.89716846e+02 -1.86086341e+27
5.89720141e+02 -2.90106843e+27
5.89723436e+02 -3.08930315e+27
5.89726731e+02 -1.84359865e+27
5.89730027e+02 -1.50877110e+27
5.89733322e+02 -1.75149770e+27
5.89736617e+02 -1.25005912e+27
5.89739912e+02 -2.81622746e+27
5.89743207e+02 -1.95193420e+27
5.89746502e+02 -1.13072362e+27
5.89749797e+02 -7.25760755e+26
5.89753092e+02 -3.56417817e+26
5.89756387e+02 4.14458023e+26
5.89759683e+02 2.87356504e+26
5.89762978e+02 5.32001344e+26
5.89766273e+02 -1.15078413e+26
5.89769568e+02 4.03088150e+26
5.89772863e+02 1.30452138e+27
5.89776158e+02 1.37059906e+27
5.89779453e+02 1.81748112e+27
5.89782748e+02 1.05707927e+27
5.89786044e+02 1.85071477e+27
5.89789339e+02 1.14992518e+27
5.89792634e+02 1.87027846e+27
5.89795929e+02 2.52028786e+27
5.89799224e+02 2.81291760e+27
5.89802519e+02 1.81786218e+27
5.89805814e+02 -4.94310673e+26
5.89809109e+02 -1.42089312e+27
5.89812404e+02 -2.98294699e+27
5.89815700e+02 -5.99820701e+27
5.89818995e+02 -6.48007760e+27
5.89822290e+02 -1.01734524e+28
5.89825585e+02 -1.01771014e+28
5.89828880e+02 -5.79009000e+27
5.89832175e+02 3.91630878e+27
5.89835470e+02 2.47592886e+28
5.89838765e+02 5.19709339e+28
5.89842061e+02 6.87046404e+28
5.89845356e+02 5.81167870e+28
5.89848651e+02 3.12909251e+28
5.89851946e+02 1.22843623e+28
5.89855241e+02 5.04713396e+27
5.89858536e+02 4.87077063e+27
5.89861831e+02 1.87021871e+27
5.89865126e+02 1.83769947e+27
5.89868421e+02 8.49411929e+26
5.89871717e+02 -1.02381753e+27
5.89875012e+02 -6.58094282e+26
5.89878307e+02 -1.66758747e+27
5.89881602e+02 -2.10663088e+27
5.89884897e+02 -8.42048275e+26
5.89888192e+02 -2.41089051e+26
5.89891487e+02 -1.37990741e+27
5.89894782e+02 1.02336203e+26
5.89898078e+02 5.43906091e+26
5.89901373e+02 1.92583032e+26
5.89904668e+02 -1.89463996e+27
5.89907963e+02 -3.70331050e+27
5.89911258e+02 -3.22347362e+27
5.89914553e+02 -3.52553564e+27
5.89917848e+02 -7.40691163e+26
5.89921143e+02 5.15877882e+25
5.89924438e+02 3.83446486e+26
5.89927734e+02 -1.10591168e+27
5.89931029e+02 -2.27608455e+26
5.89934324e+02 -3.79444007e+25
5.89937619e+02 -3.92184903e+26
5.89940914e+02 -1.38374104e+27
5.89944209e+02 -2.02309273e+27
5.89947504e+02 5.13827917e+26
5.89950799e+02 5.93099600e+26
5.89954095e+02 -1.36256864e+26
5.89957390e+02 -1.47796315e+27
5.89960685e+02 3.26459313e+24
5.89963980e+02 2.66634603e+27
5.89967275e+02 1.84583858e+27
5.89970570e+02 2.87038692e+27
5.89973865e+02 -6.73307253e+26
5.89977160e+02 -3.86974074e+27
5.89980455e+02 -6.85276280e+27
5.89983751e+02 -4.93872755e+27
5.89987046e+02 -1.67310775e+27
5.89990341e+02 4.42240347e+27
5.89993636e+02 3.67137010e+27
5.89996931e+02 1.66245948e+27
5.90000226e+02 8.97378645e+26
5.90003521e+02 3.63587048e+26
5.90006816e+02 5.72193413e+26
5.90010112e+02 -9.36653879e+26
5.90013407e+02 -2.04251249e+27
5.90016702e+02 6.09233060e+26
5.90019997e+02 -4.65375835e+26
5.90023292e+02 -1.97021058e+27
5.90026587e+02 -9.45189823e+26
5.90029882e+02 -8.56049670e+26
5.90033177e+02 -7.72702673e+26
5.90036472e+02 -4.26462549e+26
5.90039768e+02 -8.86318271e+26
5.90043063e+02 -4.28441014e+26
5.90046358e+02 -2.10700892e+26
5.90049653e+02 -1.54765581e+27
5.90052948e+02 -1.92767052e+27
5.90056243e+02 -3.26585119e+27
5.90059538e+02 -3.50370860e+27
5.90062833e+02 -5.48584364e+27
5.90066129e+02 -4.88994669e+27
5.90069424e+02 -3.09152962e+27
5.90072719e+02 7.20926944e+26
5.90076014e+02 7.23583511e+26
5.90079309e+02 3.20594139e+27
5.90082604e+02 -2.05673902e+26
5.90085899e+02 -1.52837867e+27
5.90089194e+02 -1.56348812e+27
5.90092489e+02 -4.00493526e+27
5.90095785e+02 -2.11959668e+27
5.90099080e+02 -1.79775725e+27
5.90102375e+02 -3.93945204e+27
5.90105670e+02 -3.71010786e+27
5.90108965e+02 -3.62854891e+27
5.90112260e+02 -1.43385764e+27
5.90115555e+02 -2.27600310e+27
5.90118850e+02 -2.61354970e+27
5.90122146e+02 -2.88192109e+27
5.90125441e+02 -4.04474364e+26
5.90128736e+02 -1.30661464e+27
5.90132031e+02 7.04249310e+26
5.90135326e+02 1.29014053e+27
5.90138621e+02 2.85733096e+27
5.90141916e+02 3.89590503e+27
5.90145211e+02 5.64519781e+27
5.90148506e+02 5.04907386e+27
5.90151802e+02 2.85934931e+27
5.90155097e+02 -3.59861010e+26
5.90158392e+02 -3.66973970e+27
5.90161687e+02 -6.25540250e+27
5.90164982e+02 -7.53394841e+27
5.90168277e+02 -7.54610185e+27
5.90171572e+02 -1.49019955e+27
5.90174867e+02 2.27744929e+27
5.90178163e+02 4.59678812e+27
5.90181458e+02 5.71505222e+27
5.90184753e+02 2.11096247e+27
5.90188048e+02 1.34366509e+27
5.90191343e+02 -6.23419456e+26
5.90194638e+02 -3.49240022e+26
5.90197933e+02 -7.21898663e+25
5.90201228e+02 -1.13449151e+27
5.90204523e+02 -1.83865985e+27
5.90207819e+02 -2.21576562e+27
5.90211114e+02 -8.62434173e+26
5.90214409e+02 -2.26913380e+27
5.90217704e+02 -2.46501260e+27
5.90220999e+02 -1.96971788e+27
5.90224294e+02 -3.89517198e+27
5.90227589e+02 -2.00552431e+27
5.90230884e+02 -8.73153183e+26
5.90234180e+02 -3.30513036e+27
5.90237475e+02 -2.40130292e+27
5.90240770e+02 -2.24424918e+27
5.90244065e+02 -1.52752706e+27
5.90247360e+02 -2.54987959e+27
5.90250655e+02 -2.28967354e+27
5.90253950e+02 -2.55673786e+27
5.90257245e+02 -3.71663094e+27
5.90260540e+02 -2.09439779e+27
5.90263836e+02 -1.38866004e+27
5.90267131e+02 -1.68758744e+27
5.90270426e+02 -1.14375424e+27
5.90273721e+02 1.12945701e+27
5.90277016e+02 1.38495858e+26
5.90280311e+02 1.10547085e+27
5.90283606e+02 1.11518086e+27
5.90286901e+02 -1.69135582e+27
5.90290197e+02 8.04129478e+26
5.90293492e+02 3.77207689e+27
5.90296787e+02 4.27520797e+27
5.90300082e+02 5.42920221e+27
5.90303377e+02 1.60469601e+26
5.90306672e+02 -5.20751648e+27
5.90309967e+02 -6.67720133e+27
5.90313262e+02 -6.07014093e+27
5.90316557e+02 -8.56805753e+26
5.90319853e+02 4.74560308e+27
5.90323148e+02 5.63216853e+27
5.90326443e+02 5.31620288e+27
5.90329738e+02 2.97218371e+27
5.90333033e+02 1.71251472e+27
5.90336328e+02 1.55881393e+27
5.90339623e+02 -8.58077097e+26
5.90342918e+02 -1.97010466e+27
5.90346214e+02 -2.22025136e+27
5.90349509e+02 -8.48113130e+26
5.90352804e+02 1.63298298e+27
5.90356099e+02 -8.95669139e+25
5.90359394e+02 1.25953694e+26
5.90362689e+02 -8.45939364e+26
5.90365984e+02 -1.66700426e+27
5.90369279e+02 -1.32681542e+27
5.90372574e+02 -9.37929833e+26
5.90375870e+02 -2.57087103e+27
5.90379165e+02 -3.59502200e+27
5.90382460e+02 -2.91585911e+27
5.90385755e+02 -3.04171077e+27
5.90389050e+02 -1.05288443e+27
5.90392345e+02 -1.27743009e+27
5.90395640e+02 -1.33402923e+27
5.90398935e+02 -9.16611807e+26
5.90402231e+02 -7.73376999e+26
5.90405526e+02 -2.50036002e+26
5.90408821e+02 -1.96641118e+27
5.90412116e+02 -2.16104979e+26
5.90415411e+02 -2.19675897e+26
