Wavelength(nm) Intensity
5.89097364e+02 1.26618868e+04
5.89100659e+02 1.29103966e+04
5.89103954e+02 1.25117713e+04
5.89107249e+02 1.29885665e+04
5.89110544e+02 1.26830681e+04
5.89113839e+02 1.24962395e+04
5.89117135e+02 1.19644511e+04
5.89120430e+02 1.13606860e+04
5.89123725e+02 1.03688848e+04
5.89127020e+02 9.59367744e+03
5.89130315e+02 9.87781944e+03
5.89133610e+02 1.11927580e+04
5.89136905e+02 1.20021782e+04
5.89140200e+02 1.20132609e+04
5.89143496e+02 1.20334702e+04
5.89146791e+02 1.13635510e+04
5.89150086e+02 1.10200957e+04
5.89153381e+02 1.08654844e+04
5.89156676e+02 1.08193772e+04
5.89159971e+02 1.06805396e+04
5.89163266e+02 1.03600146e+04
5.89166561e+02 9.84500846e+03
5.89169856e+02 8.90081261e+03
5.89173152e+02 8.45173396e+03
5.89176447e+02 8.89498529e+03
5.89179742e+02 8.78477569e+03
5.89183037e+02 8.80772554e+03
5.89186332e+02 8.13101394e+03
5.89189627e+02 8.28638383e+03
5.89192922e+02 7.96990551e+03
5.89196217e+02 7.57368653e+03
5.89199513e+02 7.49309053e+03
5.89202808e+02 6.85891644e+03
5.89206103e+02 6.45612688e+03
5.89209398e+02 5.48493089e+03
5.89212693e+02 4.41356516e+03
5.89215988e+02 3.51321043e+03
5.89219283e+02 2.59303690e+03
5.89222578e+02 1.79233357e+03
5.89225873e+02 8.91586625e+02
5.89229169e+02 1.20644497e+03
5.89232464e+02 3.07475312e+03
5.89235759e+02 8.01462685e+03
5.89239054e+02 1.68465253e+04
5.89242349e+02 2.60362126e+04
5.89245644e+02 2.80791018e+04
5.89248939e+02 2.09376991e+04
5.89252234e+02 1.23581608e+04
5.89255530e+02 8.54484122e+03
5.89258825e+02 8.14275159e+03
5.89262120e+02 8.22291646e+03
5.89265415e+02 8.86141917e+03
5.89268710e+02 9.29991402e+03
5.89272005e+02 9.65706193e+03
5.89275300e+02 9.70767494e+03
5.89278595e+02 9.17556940e+03
5.89281890e+02 9.50116036e+03
5.89285186e+02 1.01225482e+04
5.89288481e+02 1.07326131e+04
5.89291776e+02 1.15385653e+04
5.89295071e+02 1.10874395e+04
5.89298366e+02 1.14974579e+04
5.89301661e+02 1.15323772e+04
5.89304956e+02 1.14189434e+04
5.89308251e+02 1.13431153e+04
5.89311547e+02 1.11346762e+04
5.89314842e+02 1.07180379e+04
5.89318137e+02 1.06670219e+04
5.89321432e+02 1.04350500e+04
5.89324727e+02 9.63216780e+03
5.89328022e+02 8.91949255e+03
5.89331317e+02 9.26785095e+03
5.89334612e+02 1.06299483e+04
5.89337907e+02 1.16124129e+04
5.89341203e+02 1.18024763e+04
5.89344498e+02 1.15710126e+04
5.89347793e+02 1.11640197e+04
5.89351088e+02 1.16697045e+04
5.89354383e+02 1.18963138e+04
5.89357678e+02 1.19877885e+04
5.89360973e+02 1.21604020e+04
5.89364268e+02 1.26965862e+04
5.89367564e+02 1.29141663e+04
5.89370859e+02 1.32713694e+04
5.89374154e+02 1.31826924e+04
5.89377449e+02 1.25962465e+04
5.89380744e+02 1.27214896e+04
5.89384039e+02 1.30281538e+04
5.89387334e+02 1.25116269e+04
5.89390629e+02 1.25847203e+04
5.89393924e+02 1.22913040e+04
5.89397220e+02 1.15522372e+04
5.89400515e+02 1.09967642e+04
5.89403810e+02 1.06604746e+04
5.89407105e+02 1.12210170e+04
5.89410400e+02 1.18593417e+04
5.89413695e+02 1.25822451e+04
5.89416990e+02 1.21692556e+04
5.89420285e+02 1.28905760e+04
5.89423581e+02 1.31507582e+04
5.89426876e+02 1.27351807e+04
5.89430171e+02 1.31191854e+04
5.89433466e+02 1.34704670e+04
5.89436761e+02 1.33525782e+04
5.89440056e+02 1.35988705e+04
5.89443351e+02 1.34800337e+04
5.89446646e+02 1.32417958e+04
5.89449941e+02 1.32868670e+04
5.89453237e+02 1.28520110e+04
5.89456532e+02 1.27256696e+04
5.89459827e+02 1.26107123e+04
5.89463122e+02 1.22323008e+04
5.89466417e+02 1.21779492e+04
5.89469712e+02 1.15250322e+04
5.89473007e+02 1.21265896e+04
5.89476302e+02 1.23827379e+04
5.89479598e+02 1.29777574e+04
5.89482893e+02 1.30118076e+04
5.89486188e+02 1.25735502e+04
5.89489483e+02 1.34041308e+04
5.89492778e+02 1.23737769e+04
5.89496073e+02 1.25084249e+04
5.89499368e+02 1.16348473e+04
5.89502663e+02 1.11866933e+04
5.89505959e+02 1.08358389e+04
5.89509254e+02 9.64639113e+03
5.89512549e+02 8.36324685e+03
5.89515844e+02 7.41468617e+03
5.89519139e+02 7.46663765e+03
5.89522434e+02 7.86955554e+03
5.89525729e+02 8.99104688e+03
5.89529024e+02 1.10472003e+04
5.89532319e+02 1.22850080e+04
5.89535615e+02 1.30002270e+04
5.89538910e+02 1.36929543e+04
5.89542205e+02 1.34865408e+04
5.89545500e+02 1.35393473e+04
5.89548795e+02 1.36054427e+04
5.89552090e+02 1.32541285e+04
5.89555385e+02 1.33449846e+04
5.89558680e+02 1.34153727e+04
5.89561976e+02 1.30516671e+04
5.89565271e+02 1.34348077e+04
5.89568566e+02 1.35464667e+04
5.89571861e+02 1.38187234e+04
5.89575156e+02 1.32280808e+04
5.89578451e+02 1.29461241e+04
5.89581746e+02 1.32228632e+04
5.89585041e+02 1.35586422e+04
5.89588336e+02 1.36593076e+04
5.89591632e+02 1.34287005e+04
5.89594927e+02 1.28522050e+04
5.89598222e+02 1.25598055e+04
5.89601517e+02 1.25671040e+04
5.89604812e+02 1.25437574e+04
5.89608107e+02 1.29454138e+04
5.89611402e+02 1.32262895e+04
5.89614697e+02 1.34506200e+04
5.89617993e+02 1.35313538e+04
5.89621288e+02 1.33687061e+04
5.89624583e+02 1.32120630e+04
5.89627878e+02 1.35285770e+04
5.89631173e+02 1.34769284e+04
5.89634468e+02 1.32270055e+04
5.89637763e+02 1.29993466e+04
5.89641058e+02 1.35095904e+04
5.89644353e+02 1.32535408e+04
5.89647649e+02 1.30780199e+04
5.89650944e+02 1.30653766e+04
5.89654239e+02 1.27248301e+04
5.89657534e+02 1.25034519e+04
5.89660829e+02 1.19757103e+04
5.89664124e+02 1.27916980e+04
5.89667419e+02 1.28831901e+04
5.89670714e+02 1.30799589e+04
5.89674010e+02 1.26570251e+04
5.89677305e+02 1.20604069e+04
5.89680600e+02 1.25370608e+04
5.89683895e+02 1.32488249e+04
5.89687190e+02 1.32049459e+04
5.89690485e+02 1.31446012e+04
5.89693780e+02 1.35107719e+04
5.89697075e+02 1.35374828e+04
5.89700370e+02 1.29487459e+04
5.89703666e+02 1.32684931e+04
5.89706961e+02 1.31497562e+04
5.89710256e+02 1.31519522e+04
5.89713551e+02 1.30039742e+04
5.89716846e+02 1.31740495e+04
5.89720141e+02 1.28830459e+04
5.89723436e+02 1.27735288e+04
5.89726731e+02 1.29771540e+04
5.89730027e+02 1.29597655e+04
5.89733322e+02 1.27963682e+04
5.89736617e+02 1.27876123e+04
5.89739912e+02 1.22958069e+04
5.89743207e+02 1.23469764e+04
5.89746502e+02 1.23834784e+04
5.89749797e+02 1.23258675e+04
5.89753092e+02 1.22654994e+04
5.89756387e+02 1.23045904e+04
5.89759683e+02 1.21472450e+04
5.89762978e+02 1.20776566e+04
5.89766273e+02 1.17998301e+04
5.89769568e+02 1.17690706e+04
5.89772863e+02 1.17927690e+04
5.89776158e+02 1.15782966e+04
5.89779453e+02 1.13877891e+04
5.89782748e+02 1.08488790e+04
5.89786044e+02 1.05828913e+04
5.89789339e+02 9.89627806e+03
5.89792634e+02 9.45827898e+03
5.89795929e+02 8.94281160e+03
5.89799224e+02 8.30344932e+03
5.89802519e+02 7.35181952e+03
5.89805814e+02 6.10706994e+03
5.89809109e+02 5.21103745e+03
5.89812404e+02 4.23249425e+03
5.89815700e+02 3.01453823e+03
5.89818995e+02 2.49246790e+03
5.89822290e+02 1.38634402e+03
5.89825585e+02 1.28465217e+03
5.89828880e+02 2.35448888e+03
5.89832175e+02 4.80006302e+03
5.89835470e+02 9.92304681e+03
5.89838765e+02 1.66089531e+04
5.89842061e+02 2.09940397e+04
5.89845356e+02 1.92178906e+04
5.89848651e+02 1.37752198e+04
5.89851946e+02 1.01158203e+04
5.89855241e+02 9.12134884e+03
5.89858536e+02 9.70684097e+03
5.89861831e+02 9.61202075e+03
5.89865126e+02 1.01435431e+04
5.89868421e+02 1.04025253e+04
5.89871717e+02 1.04023957e+04
5.89875012e+02 1.08542685e+04
5.89878307e+02 1.09393796e+04
5.89881602e+02 1.11036533e+04
5.89884897e+02 1.16078531e+04
5.89888192e+02 1.19164134e+04
5.89891487e+02 1.17877475e+04
5.89894782e+02 1.22181541e+04
5.89898078e+02 1.23825107e+04
5.89901373e+02 1.23472376e+04
5.89904668e+02 1.19095076e+04
5.89907963e+02 1.15383604e+04
5.89911258e+02 1.16989375e+04
5.89914553e+02 1.16965925e+04
5.89917848e+02 1.24090332e+04
5.89921143e+02 1.26746827e+04
5.89924438e+02 1.28322503e+04
5.89927734e+02 1.25620630e+04
5.89931029e+02 1.28078106e+04
5.89934324e+02 1.28688015e+04
5.89937619e+02 1.27753342e+04
5.89940914e+02 1.25059913e+04
5.89944209e+02 1.22866958e+04
5.89947504e+02 1.27603399e+04
5.89950799e+02 1.26459745e+04
5.89954095e+02 1.23181566e+04
5.89957390e+02 1.18222560e+04
5.89960685e+02 1.19434714e+04
5.89963980e+02 1.23184200e+04
5.89967275e+02 1.19027921e+04
5.89970570e+02 1.19304003e+04
5.89973865e+02 1.09680520e+04
5.89977160e+02 1.01564930e+04
5.89980455e+02 9.48182359e+03
5.89983751e+02 1.00152696e+04
5.89987046e+02 1.09452431e+04
5.89990341e+02 1.25914332e+04
5.89993636e+02 1.27294367e+04
5.89996931e+02 1.26023387e+04
5.90000226e+02 1.27529593e+04
5.90003521e+02 1.29304840e+04
5.90006816e+02 1.32376321e+04
5.90010112e+02 1.31082991e+04
5.90013407e+02 1.30225755e+04
5.90016702e+02 1.37436739e+04
5.90019997e+02 1.35711781e+04
5.90023292e+02 1.32554373e+04
5.90026587e+02 1.34700084e+04
5.90029882e+02 1.34275236e+04
5.90033177e+02 1.33409953e+04
5.90036472e+02 1.32749764e+04
5.90039768e+02 1.29928112e+04
5.90043063e+02 1.28965660e+04
5.90046358e+02 1.27370990e+04
5.90049653e+02 1.22330521e+04
5.90052948e+02 1.19748490e+04
5.90056243e+02 1.15458422e+04
5.90059538e+02 1.14294429e+04
5.90062833e+02 1.09882140e+04
5.90066129e+02 1.12062833e+04
5.90069424e+02 1.17636702e+04
5.90072719e+02 1.28298943e+04
5.90076014e+02 1.30604582e+04
5.90079309e+02 1.38631883e+04
5.90082604e+02 1.33139709e+04
5.90085899e+02 1.32126738e+04
5.90089194e+02 1.33685552e+04
5.90092489e+02 1.29396353e+04
5.90095785e+02 1.34595990e+04
5.90099080e+02 1.35947096e+04
5.90102375e+02 1.31464177e+04
5.90105670e+02 1.32189422e+04
5.90108965e+02 1.32424333e+04
5.90112260e+02 1.37310564e+04
5.90115555e+02 1.35109772e+04
5.90118850e+02 1.33813765e+04
5.90122146e+02 1.32342003e+04
5.90125441e+02 1.36663878e+04
5.90128736e+02 1.32721120e+04
5.90132031e+02 1.34695671e+04
5.90135326e+02 1.32636061e+04
5.90138621e+02 1.31999279e+04
5.90141916e+02 1.29446590e+04
5.90145211e+02 1.28015798e+04
5.90148506e+02 1.21093458e+04
5.90151802e+02 1.10799173e+04
5.90155097e+02 9.88410647e+03
5.90158392e+02 8.77326140e+03
5.90161687e+02 7.96106338e+03
5.90164982e+02 7.59614204e+03
5.90168277e+02 7.67195281e+03
5.90171572e+02 9.26966031e+03
5.90174867e+02 1.04665451e+04
5.90178163e+02 1.14209988e+04
5.90181458e+02 1.21509339e+04
5.90184753e+02 1.18171842e+04
5.90188048e+02 1.21052833e+04
5.90191343e+02 1.20738478e+04
5.90194638e+02 1.24928127e+04
5.90197933e+02 1.28509269e+04
5.90201228e+02 1.28480243e+04
5.90204523e+02 1.28790018e+04
5.90207819e+02 1.29466626e+04
5.90211114e+02 1.33787530e+04
5.90214409e+02 1.31606426e+04
5.90217704e+02 1.31989610e+04
5.90220999e+02 1.33771762e+04
5.90224294e+02 1.29879307e+04
5.90227589e+02 1.34486766e+04
5.90230884e+02 1.37197081e+04
5.90234180e+02 1.31636201e+04
5.90237475e+02 1.33514466e+04
5.90240770e+02 1.33585589e+04
5.90244065e+02 1.34867560e+04
5.90247360e+02 1.32185793e+04
5.90250655e+02 1.32456252e+04
5.90253950e+02 1.31591436e+04
5.90257245e+02 1.28758552e+04
5.90260540e+02 1.32276498e+04
5.90263836e+02 1.33665082e+04
5.90267131e+02 1.32627159e+04
5.90270426e+02 1.33253741e+04
5.90273721e+02 1.37453161e+04
5.90277016e+02 1.33779172e+04
5.90280311e+02 1.34038391e+04
5.90283606e+02 1.31573004e+04
5.90286901e+02 1.22178039e+04
5.90290197e+02 1.24402246e+04
5.90293492e+02 1.27439273e+04
5.90296787e+02 1.24871649e+04
5.90300082e+02 1.24111937e+04
5.90303377e+02 1.09431820e+04
5.90306672e+02 9.55335114e+03
5.90309967e+02 9.17446071e+03
5.90313262e+02 9.40313509e+03
5.90316557e+02 1.08097451e+04
5.90319853e+02 1.24150513e+04
5.90323148e+02 1.30249309e+04
5.90326443e+02 1.33968990e+04
5.90329738e+02 1.33010175e+04
5.90333033e+02 1.34085837e+04
5.90336328e+02 1.36987922e+04
5.90339623e+02 1.33920240e+04
5.90342918e+02 1.32965583e+04
5.90346214e+02 1.33161228e+04
5.90349509e+02 1.36322477e+04
5.90352804e+02 1.41388947e+04
5.90356099e+02 1.36400664e+04
5.90359394e+02 1.35454771e+04
5.90362689e+02 1.31595544e+04
5.90365984e+02 1.28033053e+04
5.90369279e+02 1.27239772e+04
5.90372574e+02 1.26852133e+04
5.90375870e+02 1.22298471e+04
5.90379165e+02 1.19646208e+04
5.90382460e+02 1.21406872e+04
5.90385755e+02 1.21832767e+04
5.90389050e+02 1.27456559e+04
5.90392345e+02 1.28287050e+04
5.90395640e+02 1.29565747e+04
5.90398935e+02 1.31818122e+04
5.90402231e+02 1.33195468e+04
5.90405526e+02 1.35072618e+04
5.90408821e+02 1.31416565e+04
5.90412116e+02 1.35155142e+04
5.90415411e+02 1.34392134e+04
