# Wavelength Flux(MR)
5.89097364e+02 -2.54035858e+27
5.89100659e+02 -1.72539857e+27
5.89103954e+02 -7.69331188e+26
5.89107249e+02 -5.64338740e+26
5.89110544e+02 3.80385216e+26
5.89113839e+02 2.45059819e+27
5.89117135e+02 1.09867998e+27
5.89120430e+02 -2.55028407e+27
5.89123725e+02 -3.80807698e+27
5.89127020e+02 -6.43808117e+27
5.89130315e+02 -3.60440264e+27
5.89133610e+02 1.64753482e+26
5.89136905e+02 3.56064468e+27
5.89140200e+02 4.74199146e+27
5.89143496e+02 1.63682624e+27
5.89146791e+02 2.35722617e+27
5.89150086e+02 2.27366010e+27
5.89153381e+02 2.02346049e+27
5.89156676e+02 1.33570219e+27
5.89159971e+02 2.63128860e+27
5.89163266e+02 1.29201542e+27
5.89166561e+02 -7.25154754e+26
5.89169856e+02 -2.51729214e+27
5.89173152e+02 -1.28844541e+27
5.89176447e+02 2.30831552e+26
5.89179742e+02 8.77065182e+26
5.89183037e+02 3.00102831e+27
5.89186332e+02 2.87785763e+27
5.89189627e+02 1.62579510e+27
5.89192922e+02 1.05009314e+27
5.89196217e+02 2.23768825e+27
5.89199513e+02 1.00995092e+27
5.89202808e+02 2.48614566e+27
5.89206103e+02 1.40625066e+27
5.89209398e+02 -1.08089530e+27
5.89212693e+02 -1.41808560e+27
5.89215988e+02 -1.50519272e+27
5.89219283e+02 -5.05307399e+27
5.89222578e+02 -7.45888234e+27
5.89225873e+02 -9.36893957e+27
5.89229169e+02 -7.12339112e+27
5.89232464e+02 2.64154909e+26
5.89235759e+02 1.66979118e+28
5.89239054e+02 5.39914053e+28
5.89242349e+02 9.24348488e+28
5.89245644e+02 9.94690564e+28
5.89248939e+02 6.69247343e+28
5.89252234e+02 2.83930112e+28
5.89255530e+02 7.73822662e+27
5.89258825e+02 4.02151588e+27
5.89262120e+02 1.22837416e+27
5.89265415e+02 1.51968498e+27
5.89268710e+02 -3.36040235e+26
5.89272005e+02 -1.00040602e+26
5.89275300e+02 -2.05506012e+26
5.89278595e+02 -3.41170892e+27
5.89281890e+02 -1.92206399e+27
5.89285186e+02 -3.36165126e+27
5.89288481e+02 -6.70646143e+26
5.89291776e+02 1.26382388e+27
5.89295071e+02 1.64594147e+27
5.89298366e+02 1.91658797e+27
5.89301661e+02 1.79858909e+27
5.89304956e+02 1.63244151e+27
5.89308251e+02 1.14110892e+27
5.89311547e+02 2.77587121e+26
5.89314842e+02 1.72134451e+27
5.89318137e+02 1.77306132e+27
5.89321432e+02 2.18900785e+25
5.89324727e+02 -7.91516060e+26
5.89328022e+02 -4.79179005e+27
5.89331317e+02 -5.67399367e+27
5.89334612e+02 2.72898415e+25
5.89337907e+02 4.08401859e+27
5.89341203e+02 4.73989961e+27
5.89344498e+02 2.04683002e+27
5.89347793e+02 -1.80548707e+27
5.89351088e+02 -1.36219994e+27
5.89354383e+02 -8.32783596e+26
5.89357678e+02 -1.96206973e+27
5.89360973e+02 -1.28965453e+27
5.89364268e+02 -1.77664695e+27
5.89367564e+02 7.56728452e+26
5.89370859e+02 1.37830796e+27
5.89374154e+02 -7.94333542e+25
5.89377449e+02 1.07854635e+27
5.89380744e+02 2.43292047e+27
5.89384039e+02 1.52143505e+27
5.89387334e+02 1.82456381e+27
5.89390629e+02 1.89321334e+27
5.89393924e+02 9.37964629e+26
5.89397220e+02 -2.06812891e+27
5.89400515e+02 -4.58554835e+27
5.89403810e+02 -5.81789912e+27
5.89407105e+02 -3.02342175e+27
5.89410400e+02 -3.84167614e+26
5.89413695e+02 1.11390070e+27
5.89416990e+02 2.47869091e+27
5.89420285e+02 4.70580321e+26
5.89423581e+02 1.13089509e+27
5.89426876e+02 -1.55126888e+27
5.89430171e+02 -2.34942536e+27
5.89433466e+02 -5.08692797e+26
5.89436761e+02 9.39664792e+26
5.89440056e+02 1.07967588e+27
5.89443351e+02 -1.09612808e+27
5.89446646e+02 -9.04032512e+26
5.89449941e+02 4.53763611e+26
5.89453237e+02 2.01670537e+27
5.89456532e+02 1.94500396e+27
5.89459827e+02 -1.58976147e+27
5.89463122e+02 -3.20343244e+27
5.89466417e+02 -3.81832845e+27
5.89469712e+02 -3.50505669e+27
5.89473007e+02 -3.35425634e+27
5.89476302e+02 -7.99765967e+26
5.89479598e+02 1.64951578e+26
5.89482893e+02 6.39572916e+26
5.89486188e+02 1.28499443e+27
5.89489483e+02 1.84897079e+27
5.89492778e+02 3.93600099e+27
5.89496073e+02 1.91519676e+27
5.89499368e+02 3.31990368e+26
5.89502663e+02 1.30454929e+26
5.89505959e+02 -1.47335663e+27
5.89509254e+02 -2.19483464e+27
5.89512549e+02 -6.69005440e+27
5.89515844e+02 -9.29952168e+27
5.89519139e+02 -1.34437496e+28
5.89522434e+02 -1.22832541e+28
5.89525729e+02 -7.10317397e+27
5.89529024e+02 -2.81044590e+27
5.89532319e+02 1.26267327e+27
5.89535615e+02 4.47750446e+27
5.89538910e+02 3.28772666e+27
5.89542205e+02 1.51784703e+27
5.89545500e+02 -4.06161834e+26
5.89548795e+02 -1.06399827e+27
5.89552090e+02 -2.54084102e+27
5.89555385e+02 -2.88149621e+27
5.89558680e+02 -3.31663148e+27
5.89561976e+02 -3.91520332e+27
5.89565271e+02 -2.21237725e+27
5.89568566e+02 -1.14963810e+27
5.89571861e+02 -3.42269836e+27
5.89575156e+02 -1.85564528e+27
5.89578451e+02 -1.69618725e+27
5.89581746e+02 -2.64575279e+27
5.89585041e+02 -2.87690337e+27
5.89588336e+02 -3.44838919e+27
5.89591632e+02 -2.89763686e+27
5.89594927e+02 -2.93734660e+27
5.89598222e+02 -2.71702559e+27
5.89601517e+02 -4.02435274e+27
5.89604812e+02 -4.54389238e+27
5.89608107e+02 -2.09968395e+27
5.89611402e+02 -6.84934049e+26
5.89614697e+02 -4.17271362e+26
5.89617993e+02 -1.39898763e+27
5.89621288e+02 -2.29906462e+27
5.89624583e+02 -3.37643756e+26
5.89627878e+02 -2.32747423e+27
5.89631173e+02 -2.23006384e+27
5.89634468e+02 -1.48374929e+27
5.89637763e+02 -1.50388463e+27
5.89641058e+02 -1.51621191e+27
5.89644353e+02 -1.03414946e+27
5.89647649e+02 -2.73957700e+27
5.89650944e+02 -1.71155096e+27
5.89654239e+02 -2.10470991e+27
5.89657534e+02 -2.29240247e+27
5.89660829e+02 -2.17495627e+27
5.89664124e+02 -2.53821602e+27
5.89667419e+02 -2.19170759e+26
5.89670714e+02 -1.72746435e+27
5.89674010e+02 -2.17859194e+27
5.89677305e+02 -1.03537188e+27
5.89680600e+02 -3.97275400e+27
5.89683895e+02 -2.88447500e+27
5.89687190e+02 -1.58157152e+27
5.89690485e+02 -7.65953009e+26
5.89693780e+02 -9.37073056e+26
5.89697075e+02 -1.10814248e+27
5.89700370e+02 -1.97784523e+27
5.89703666e+02 -1.47284770e+27
5.89706961e+02 -1.83674061e+27
5.89710256e+02 -3.97007625e+27
5.89713551e+02 -3.55313854e+27
5.89716846e+02 -2.59913357e+27
5.89720141e+02 -3.77114218e+27
5.89723436e+02 -2.29162454e+27
5.89726731e+02 -2.40215205e+27
5.89730027e+02 -1.37055324e+27
5.89733322e+02 -1.00075678e+27
5.89736617e+02 -1.19119517e+27
5.89739912e+02 -5.13842175e+26
5.89743207e+02 -1.09430420e+27
5.89746502e+02 -5.33538512e+26
5.89749797e+02 9.72425015e+26
5.89753092e+02 -3.15318204e+26
5.89756387e+02 -1.42638766e+27
5.89759683e+02 3.66251796e+26
5.89762978e+02 9.50732522e+26
5.89766273e+02 1.69928337e+27
5.89769568e+02 2.06758091e+27
5.89772863e+02 2.28980580e+27
5.89776158e+02 1.79486923e+27
5.89779453e+02 2.04594566e+27
5.89782748e+02 1.85566959e+27
5.89786044e+02 3.33713450e+27
5.89789339e+02 2.37223040e+27
5.89792634e+02 2.46153075e+27
5.89795929e+02 2.12656771e+27
5.89799224e+02 3.46637580e+27
5.89802519e+02 1.73501677e+27
5.89805814e+02 1.73826692e+27
5.89809109e+02 -4.62595904e+25
5.89812404e+02 -3.58357528e+27
5.89815700e+02 -4.09612215e+27
5.89818995e+02 -8.04693306e+27
5.89822290e+02 -9.34737056e+27
5.89825585e+02 -9.92838381e+27
5.89828880e+02 -7.49371641e+27
5.89832175e+02 4.04207905e+27
5.89835470e+02 2.48513540e+28
5.89838765e+02 5.09996704e+28
5.89842061e+02 6.85577231e+28
5.89845356e+02 5.90722895e+28
5.89848651e+02 3.19967273e+28
5.89851946e+02 1.11298241e+28
5.89855241e+02 5.10919246e+27
5.89858536e+02 4.75076832e+27
5.89861831e+02 3.75665417e+27
5.89865126e+02 1.33550530e+27
5.89868421e+02 7.73949255e+26
5.89871717e+02 5.79713221e+25
5.89875012e+02 -7.93632129e+26
5.89878307e+02 -5.19637616e+26
5.89881602e+02 -5.60645979e+26
5.89884897e+02 -3.15383686e+26
5.89888192e+02 -1.20818318e+27
5.89891487e+02 4.12793426e+25
5.89894782e+02 1.44254636e+27
5.89898078e+02 -1.62957324e+27
5.89901373e+02 -1.37646236e+27
5.89904668e+02 -1.95755196e+27
5.89907963e+02 -2.13497994e+27
5.89911258e+02 -2.46567251e+27
5.89914553e+02 -3.06372383e+27
5.89917848e+02 -3.17013130e+27
5.89921143e+02 -5.40968306e+26
5.89924438e+02 -3.96501077e+26
5.89927734e+02 4.42609887e+26
5.89931029e+02 -3.44254919e+26
5.89934324e+02 3.45722158e+26
5.89937619e+02 -8.72763891e+26
5.89940914e+02 -1.55013942e+27
5.89944209e+02 -1.82528901e+27
5.89947504e+02 -8.81845101e+26
5.89950799e+02 -8.96128508e+26
5.89954095e+02 -1.28187090e+27
5.89957390e+02 -1.78742784e+27
5.89960685e+02 -8.48641483e+26
5.89963980e+02 3.69078199e+27
5.89967275e+02 2.65402593e+27
5.89970570e+02 1.72129419e+27
5.89973865e+02 1.02502895e+27
5.89977160e+02 -5.74145047e+27
5.89980455e+02 -6.81336641e+27
5.89983751e+02 -3.07518065e+27
5.89987046e+02 5.20131283e+25
5.89990341e+02 2.38237689e+27
5.89993636e+02 3.07107111e+27
5.89996931e+02 3.43739331e+27
5.90000226e+02 1.43477063e+27
5.90003521e+02 8.53583967e+25
5.90006816e+02 8.63166763e+25
5.90010112e+02 -1.32980221e+27
5.90013407e+02 -1.90785536e+27
5.90016702e+02 -1.52209804e+26
5.90019997e+02 -2.33636738e+27
5.90023292e+02 -1.60802157e+27
5.90026587e+02 -2.72733312e+26
5.90029882e+02 -5.27333531e+26
5.90033177e+02 -3.41015453e+26
5.90036472e+02 -8.78996846e+26
5.90039768e+02 -6.81199845e+26
5.90043063e+02 -2.22766767e+26
5.90046358e+02 1.22278827e+27
5.90049653e+02 -1.22516724e+27
5.90052948e+02 -1.98452129e+27
5.90056243e+02 -2.81785652e+27
5.90059538e+02 -4.96221775e+27
5.90062833e+02 -6.87856255e+27
5.90066129e+02 -3.00543367e+27
5.90069424e+02 -1.82696101e+27
5.90072719e+02 -8.06103443e+26
5.90076014e+02 2.24330680e+26
5.90079309e+02 6.62641776e+26
5.90082604e+02 -2.68533359e+25
5.90085899e+02 -1.28282881e+27
5.90089194e+02 -4.80543197e+26
5.90092489e+02 -1.37869772e+27
5.90095785e+02 -3.40317263e+27
5.90099080e+02 -2.39989345e+27
5.90102375e+02 -3.08826209e+27
5.90105670e+02 -2.27612178e+27
5.90108965e+02 -1.76877910e+27
5.90112260e+02 -2.68320750e+27
5.90115555e+02 -2.28114568e+27
5.90118850e+02 -1.44913904e+27
5.90122146e+02 -1.55696588e+27
5.90125441e+02 -1.27772014e+27
5.90128736e+02 -8.68938030e+25
5.90132031e+02 5.62512556e+26
5.90135326e+02 2.19670434e+27
5.90138621e+02 3.79594535e+27
5.90141916e+02 3.93079451e+27
5.90145211e+02 6.14122712e+27
5.90148506e+02 4.95878796e+27
5.90151802e+02 2.87653835e+27
5.90155097e+02 7.02822439e+26
5.90158392e+02 -3.40507499e+27
5.90161687e+02 -6.45743011e+27
5.90164982e+02 -7.04993543e+27
5.90168277e+02 -5.98608456e+27
5.90171572e+02 -1.68012645e+27
5.90174867e+02 3.53292391e+27
5.90178163e+02 5.53020914e+27
5.90181458e+02 5.00819858e+27
5.90184753e+02 1.86761714e+27
5.90188048e+02 2.27009271e+27
5.90191343e+02 1.54205927e+27
5.90194638e+02 4.42780539e+26
5.90197933e+02 -1.76253228e+27
5.90201228e+02 -6.72885043e+26
5.90204523e+02 -1.16272441e+27
5.90207819e+02 -1.46740150e+27
5.90211114e+02 -1.74298334e+27
5.90214409e+02 -1.49886318e+27
5.90217704e+02 -1.87813139e+27
5.90220999e+02 -2.25660221e+27
5.90224294e+02 -1.12275582e+27
5.90227589e+02 -1.19129930e+27
5.90230884e+02 -1.17946550e+27
5.90234180e+02 -2.80020498e+27
5.90237475e+02 -3.12941862e+27
5.90240770e+02 -2.20710144e+27
5.90244065e+02 -1.53312487e+27
5.90247360e+02 -3.09047373e+27
5.90250655e+02 -3.14144852e+27
5.90253950e+02 -2.74962984e+27
5.90257245e+02 -3.27263483e+27
5.90260540e+02 -2.49582091e+27
5.90263836e+02 -2.00419583e+27
5.90267131e+02 -1.86315042e+27
5.90270426e+02 -4.44590155e+25
5.90273721e+02 9.83920904e+25
5.90277016e+02 4.13476764e+26
5.90280311e+02 2.15763244e+26
5.90283606e+02 4.55349774e+26
5.90286901e+02 2.70459654e+27
5.90290197e+02 2.41451128e+27
5.90293492e+02 2.55859538e+27
5.90296787e+02 3.83650152e+27
5.90300082e+02 6.18746949e+27
5.90303377e+02 2.54545629e+27
5.90306672e+02 -4.72578230e+27
5.90309967e+02 -6.20444466e+27
5.90313262e+02 -5.69480859e+27
5.90316557e+02 -1.82356967e+27
5.90319853e+02 2.40923281e+27
5.90323148e+02 4.28147613e+27
5.90326443e+02 5.90471788e+27
5.90329738e+02 1.83600217e+27
5.90333033e+02 1.23697614e+27
5.90336328e+02 -1.36978357e+25
5.90339623e+02 -6.07404469e+26
5.90342918e+02 -3.27152672e+26
5.90346214e+02 -4.61179956e+26
5.90349509e+02 -6.71819117e+26
5.90352804e+02 -9.16348378e+26
5.90356099e+02 9.12748721e+25
5.90359394e+02 -1.25978499e+27
5.90362689e+02 9.50557398e+25
5.90365984e+02 -7.32156579e+26
5.90369279e+02 -5.06148787e+26
5.90372574e+02 -1.75306929e+27
5.90375870e+02 -3.18997466e+27
5.90379165e+02 -4.99517619e+27
5.90382460e+02 -2.91314867e+27
5.90385755e+02 -2.65005303e+27
5.90389050e+02 -2.02369650e+27
5.90392345e+02 -1.37705815e+27
5.90395640e+02 -1.23545519e+27
5.90398935e+02 -1.35989070e+27
5.90402231e+02 -6.17949813e+26
5.90405526e+02 1.02384760e+27
5.90408821e+02 -7.54397772e+26
5.90412116e+02 -7.51277424e+26
5.90415411e+02 -8.66236623e+26
