# Wavelength Flux(MR)
5.89097364e+02 -6.89411161e+30
5.89100659e+02 1.08015705e+30
5.89103954e+02 2.49597761e+30
5.89107249e+02 3.27351300e+29
5.89110544e+02 1.03584040e+30
5.89113839e+02 -3.68734306e+30
5.89117135e+02 -2.68771289e+28
5.89120430e+02 -3.86585462e+29
5.89123725e+02 -1.96117709e+30
5.89127020e+02 -1.35317076e+30
5.89130315e+02 5.21342328e+30
5.89133610e+02 -9.17966511e+28
5.89136905e+02 1.06347369e+30
5.89140200e+02 -7.14788554e+29
5.89143496e+02 -3.37675684e+30
5.89146791e+02 -1.02910525e+30
5.89150086e+02 3.95010904e+29
5.89153381e+02 -2.45421139e+30
5.89156676e+02 -3.28602318e+30
5.89159971e+02 -1.10266926e+30
5.89163266e+02 4.33605374e+29
5.89166561e+02 4.17450761e+30
5.89169856e+02 2.00099553e+30
5.89173152e+02 -3.80983990e+30
5.89176447e+02 1.31207538e+30
5.89179742e+02 3.28364976e+30
5.89183037e+02 -3.25555301e+30
5.89186332e+02 8.87852135e+29
5.89189627e+02 4.75276108e+30
5.89192922e+02 2.08920679e+30
5.89196217e+02 -1.48631815e+30
5.89199513e+02 4.65669334e+30
5.89202808e+02 3.74058006e+29
5.89206103e+02 2.97637979e+30
5.89209398e+02 2.66014343e+30
5.89212693e+02 3.00170466e+30
5.89215988e+02 1.48269312e+30
5.89219283e+02 -1.27733007e+30
5.89222578e+02 -2.60357705e+29
5.89225873e+02 -2.17509959e+30
5.89229169e+02 1.65987571e+29
5.89232464e+02 5.88328259e+30
5.89235759e+02 -9.76871169e+29
5.89239054e+02 -1.52543150e+30
5.89242349e+02 -3.47209209e+30
5.89245644e+02 -8.14230891e+29
5.89248939e+02 3.54576289e+29
5.89252234e+02 1.31606354e+30
5.89255530e+02 4.59632558e+28
5.89258825e+02 4.55514852e+30
5.89262120e+02 1.89559793e+30
5.89265415e+02 -7.87384746e+29
5.89268710e+02 -2.09641686e+30
5.89272005e+02 2.45020341e+29
5.89275300e+02 -2.15102507e+30
5.89278595e+02 -2.57326332e+30
5.89281890e+02 5.22491099e+28
5.89285186e+02 -1.68936426e+30
5.89288481e+02 1.39528486e+27
5.89291776e+02 -3.45175685e+30
5.89295071e+02 -4.45963984e+30
5.89298366e+02 3.47761187e+30
5.89301661e+02 1.73478443e+30
5.89304956e+02 -1.20362881e+30
5.89308251e+02 -2.06852709e+30
5.89311547e+02 -7.80417582e+29
5.89314842e+02 2.74252978e+30
5.89318137e+02 1.26240945e+30
5.89321432e+02 6.05833108e+28
5.89324727e+02 -2.26996663e+30
5.89328022e+02 1.52325069e+30
5.89331317e+02 -2.14896189e+30
5.89334612e+02 -1.87761313e+30
5.89337907e+02 -2.11269076e+30
5.89341203e+02 1.34769064e+30
5.89344498e+02 9.61983520e+29
5.89347793e+02 -1.69482562e+30
5.89351088e+02 -1.79432137e+29
5.89354383e+02 4.36539466e+30
5.89357678e+02 2.97271832e+30
5.89360973e+02 1.27512194e+30
5.89364268e+02 -3.92684852e+30
5.89367564e+02 3.45403578e+30
5.89370859e+02 1.68651596e+30
5.89374154e+02 -4.15276175e+30
5.89377449e+02 -1.28775014e+30
5.89380744e+02 7.73667868e+27
5.89384039e+02 1.33105443e+30
5.89387334e+02 -4.52527892e+29
5.89390629e+02 1.98652345e+30
5.89393924e+02 3.26569228e+30
5.89397220e+02 8.19633122e+29
5.89400515e+02 9.33548493e+28
5.89403810e+02 1.12219930e+30
5.89407105e+02 6.20052637e+29
5.89410400e+02 2.69263870e+30
5.89413695e+02 1.60483977e+30
5.89416990e+02 8.42995331e+29
5.89420285e+02 1.51830948e+30
5.89423581e+02 9.01017225e+29
5.89426876e+02 3.31157873e+30
5.89430171e+02 -2.14409085e+30
5.89433466e+02 -6.70687959e+28
5.89436761e+02 -4.16022682e+29
5.89440056e+02 6.13856372e+29
5.89443351e+02 2.09092115e+30
5.89446646e+02 5.01580403e+29
5.89449941e+02 3.21622801e+29
5.89453237e+02 5.92522760e+29
5.89456532e+02 -5.10245802e+29
5.89459827e+02 -1.39539821e+30
5.89463122e+02 2.15520093e+29
5.89466417e+02 -1.86518171e+30
5.89469712e+02 2.50097582e+30
5.89473007e+02 5.50506165e+29
5.89476302e+02 9.59545890e+29
5.89479598e+02 1.50375696e+30
5.89482893e+02 -1.59443960e+30
5.89486188e+02 2.04956338e+30
5.89489483e+02 -8.61362196e+29
5.89492778e+02 1.16877278e+30
5.89496073e+02 8.90797363e+29
5.89499368e+02 -1.25911163e+30
5.89502663e+02 -1.42590021e+30
5.89505959e+02 8.23336175e+29
5.89509254e+02 -8.06674088e+29
5.89512549e+02 6.09198759e+29
5.89515844e+02 1.22303877e+30
5.89519139e+02 2.85075563e+30
5.89522434e+02 1.11654836e+30
5.89525729e+02 -1.37931306e+30
5.89529024e+02 -3.52851716e+29
5.89532319e+02 -6.95966152e+28
5.89535615e+02 4.56955380e+29
5.89538910e+02 -1.91438266e+30
5.89542205e+02 1.20825606e+30
5.89545500e+02 1.91379558e+30
5.89548795e+02 -3.99199251e+30
5.89552090e+02 -3.15457160e+30
5.89555385e+02 5.07482899e+30
5.89558680e+02 3.92180197e+30
5.89561976e+02 -2.44651304e+30
5.89565271e+02 -1.19578082e+30
5.89568566e+02 2.74655878e+30
5.89571861e+02 2.11966171e+30
5.89575156e+02 -4.32274081e+30
5.89578451e+02 1.88942120e+30
5.89581746e+02 1.45924879e+30
5.89585041e+02 -1.53821542e+30
5.89588336e+02 -2.17782814e+30
5.89591632e+02 2.27392512e+30
5.89594927e+02 -1.29048238e+30
5.89598222e+02 -3.01236399e+30
5.89601517e+02 -7.92940279e+29
5.89604812e+02 7.46718662e+29
5.89608107e+02 4.78692414e+30
5.89611402e+02 -1.51767869e+30
5.89614697e+02 -2.33054484e+30
5.89617993e+02 -1.82537399e+30
5.89621288e+02 -4.44967416e+30
5.89624583e+02 -4.53830350e+30
5.89627878e+02 -4.94890798e+30
5.89631173e+02 -2.66085598e+30
5.89634468e+02 -2.55635746e+30
5.89637763e+02 2.45625951e+30
5.89641058e+02 -9.88650694e+28
5.89644353e+02 1.23503263e+30
5.89647649e+02 1.89790216e+30
5.89650944e+02 4.84927573e+30
5.89654239e+02 2.52558096e+30
5.89657534e+02 -2.11994420e+30
5.89660829e+02 1.28393336e+29
5.89664124e+02 -9.31294956e+29
5.89667419e+02 1.28564183e+30
5.89670714e+02 -2.13490943e+30
5.89674010e+02 -3.46114756e+30
5.89677305e+02 -1.06169371e+29
5.89680600e+02 4.15308292e+30
5.89683895e+02 1.86662816e+29
5.89687190e+02 3.90579174e+30
5.89690485e+02 9.59464065e+29
5.89693780e+02 -2.86126535e+30
5.89697075e+02 3.33815444e+29
5.89700370e+02 -1.55144692e+30
5.89703666e+02 -1.01591511e+30
5.89706961e+02 3.51006999e+30
5.89710256e+02 -2.57586953e+30
5.89713551e+02 -3.47236558e+30
5.89716846e+02 4.20600435e+29
5.89720141e+02 5.41949459e+29
5.89723436e+02 7.16567483e+29
5.89726731e+02 5.35668439e+29
5.89730027e+02 4.29766452e+30
5.89733322e+02 1.71221248e+30
5.89736617e+02 2.37185013e+30
5.89739912e+02 -2.00180270e+30
5.89743207e+02 1.38412700e+29
5.89746502e+02 2.03533031e+30
5.89749797e+02 1.31904745e+29
5.89753092e+02 -2.27489410e+30
5.89756387e+02 -2.11358131e+30
5.89759683e+02 -1.89176934e+30
5.89762978e+02 -3.44545884e+29
5.89766273e+02 1.42724117e+30
5.89769568e+02 -2.36603051e+30
5.89772863e+02 -1.80360120e+30
5.89776158e+02 -2.68823225e+30
5.89779453e+02 2.17136923e+29
5.89782748e+02 -1.14726381e+30
5.89786044e+02 -2.01442489e+30
5.89789339e+02 -7.12500784e+29
5.89792634e+02 1.38232207e+30
5.89795929e+02 -1.70246864e+30
5.89799224e+02 2.43476688e+29
5.89802519e+02 1.20730122e+30
5.89805814e+02 4.44879025e+29
5.89809109e+02 2.21565305e+30
5.89812404e+02 1.52630297e+30
5.89815700e+02 -6.98076792e+29
5.89818995e+02 -3.22568552e+30
5.89822290e+02 -2.53790475e+30
5.89825585e+02 -2.12019886e+30
5.89828880e+02 2.93324589e+30
5.89832175e+02 -1.44707422e+30
5.89835470e+02 3.80425198e+30
5.89838765e+02 1.40885626e+30
5.89842061e+02 1.91030664e+30
5.89845356e+02 7.45931292e+29
5.89848651e+02 -1.57362850e+30
5.89851946e+02 1.39505611e+30
5.89855241e+02 -8.32563691e+29
5.89858536e+02 -3.87932150e+30
5.89861831e+02 3.18749782e+30
5.89865126e+02 1.19675654e+30
5.89868421e+02 1.14499457e+30
5.89871717e+02 -3.97124222e+28
5.89875012e+02 1.27165731e+29
5.89878307e+02 -1.15428379e+30
5.89881602e+02 -1.37280875e+29
5.89884897e+02 2.95511093e+30
5.89888192e+02 -2.15701916e+30
5.89891487e+02 8.86689259e+29
5.89894782e+02 -1.23657904e+30
5.89898078e+02 -3.67189107e+29
5.89901373e+02 4.37875036e+28
5.89904668e+02 1.79378581e+30
5.89907963e+02 1.95043661e+30
5.89911258e+02 4.97141719e+29
5.89914553e+02 1.20444186e+30
5.89917848e+02 -1.41970784e+30
5.89921143e+02 2.28606602e+30
5.89924438e+02 -2.06994976e+30
5.89927734e+02 -1.35402168e+30
5.89931029e+02 -1.02931973e+31
5.89934324e+02 -8.34431548e+30
5.89937619e+02 3.40051062e+30
5.89940914e+02 -2.40920937e+30
5.89944209e+02 -3.72669076e+29
5.89947504e+02 3.01253319e+30
5.89950799e+02 2.38497457e+30
5.89954095e+02 2.56761339e+29
5.89957390e+02 2.98214794e+30
5.89960685e+02 8.44299836e+28
5.89963980e+02 3.87818766e+29
5.89967275e+02 -1.00669212e+30
5.89970570e+02 -1.60609352e+30
5.89973865e+02 -2.83374603e+30
5.89977160e+02 -4.12699943e+29
5.89980455e+02 3.61231077e+30
5.89983751e+02 1.06033908e+30
5.89987046e+02 -8.92459541e+29
5.89990341e+02 2.02387007e+30
5.89993636e+02 5.84203753e+29
5.89996931e+02 -1.56008376e+30
5.90000226e+02 -1.88493129e+30
5.90003521e+02 -1.06420487e+29
5.90006816e+02 -6.85519965e+29
5.90010112e+02 -4.95662505e+30
5.90013407e+02 2.71534982e+30
5.90016702e+02 1.48347115e+30
5.90019997e+02 1.82337632e+29
5.90023292e+02 -2.49819375e+30
5.90026587e+02 6.88385820e+29
5.90029882e+02 2.33377171e+29
5.90033177e+02 5.46902669e+29
5.90036472e+02 -4.75454738e+29
5.90039768e+02 1.70115423e+30
5.90043063e+02 2.75820085e+29
5.90046358e+02 -3.72199665e+27
5.90049653e+02 -2.03918301e+30
5.90052948e+02 -7.11330814e+29
5.90056243e+02 3.98112046e+29
5.90059538e+02 4.00428058e+30
5.90062833e+02 3.05584706e+30
5.90066129e+02 2.82645744e+30
5.90069424e+02 1.76482239e+30
5.90072719e+02 1.26824514e+30
5.90076014e+02 -1.64760241e+30
5.90079309e+02 1.60996783e+30
5.90082604e+02 -2.82452802e+29
5.90085899e+02 -2.06335990e+30
5.90089194e+02 2.39292868e+30
5.90092489e+02 -1.57268098e+28
5.90095785e+02 3.49032445e+29
5.90099080e+02 -5.76748481e+29
5.90102375e+02 -2.12119866e+29
5.90105670e+02 -4.23825189e+30
5.90108965e+02 4.31864097e+30
5.90112260e+02 2.44709740e+28
5.90115555e+02 -2.54429993e+30
5.90118850e+02 5.41011092e+28
5.90122146e+02 -3.35146480e+30
5.90125441e+02 1.09290460e+30
5.90128736e+02 1.55024974e+30
5.90132031e+02 9.67787570e+29
5.90135326e+02 1.96720085e+30
5.90138621e+02 7.19330701e+29
5.90141916e+02 3.01631238e+30
5.90145211e+02 1.92964925e+30
5.90148506e+02 5.24977604e+29
5.90151802e+02 -6.68763667e+29
5.90155097e+02 -1.74174403e+30
5.90158392e+02 -2.06414772e+30
5.90161687e+02 -6.58027569e+29
5.90164982e+02 1.61080084e+30
5.90168277e+02 2.84143902e+30
5.90171572e+02 -9.83752262e+29
5.90174867e+02 5.82204683e+29
5.90178163e+02 -4.66803421e+29
5.90181458e+02 -1.79649576e+30
5.90184753e+02 -1.66709456e+30
5.90188048e+02 -2.33875561e+30
5.90191343e+02 -1.15538529e+30
5.90194638e+02 -1.16032694e+30
5.90197933e+02 -7.40055788e+29
5.90201228e+02 -3.08115512e+30
5.90204523e+02 1.10937423e+30
5.90207819e+02 -2.57296012e+30
5.90211114e+02 -1.41998447e+30
5.90214409e+02 -2.29439541e+30
5.90217704e+02 8.72060891e+29
5.90220999e+02 1.70526386e+30
5.90224294e+02 1.94532165e+30
5.90227589e+02 -6.55918237e+29
5.90230884e+02 -2.46027437e+30
5.90234180e+02 4.66968987e+30
5.90237475e+02 -2.46754487e+30
5.90240770e+02 1.04371757e+30
5.90244065e+02 -2.98198904e+30
5.90247360e+02 -1.80372848e+30
5.90250655e+02 -8.10342850e+29
5.90253950e+02 -1.54565523e+30
5.90257245e+02 2.84707759e+29
5.90260540e+02 1.55290368e+30
5.90263836e+02 -7.20086291e+27
5.90267131e+02 -3.69215391e+30
5.90270426e+02 4.15298647e+30
5.90273721e+02 1.58161125e+30
5.90277016e+02 -2.20360480e+30
5.90280311e+02 -1.67823728e+30
5.90283606e+02 1.54014766e+30
5.90286901e+02 3.69987633e+30
5.90290197e+02 -1.01073405e+30
5.90293492e+02 3.11550850e+29
5.90296787e+02 2.21288580e+30
5.90300082e+02 6.40044182e+29
5.90303377e+02 6.60962221e+29
5.90306672e+02 1.45219400e+30
5.90309967e+02 3.01068714e+30
5.90313262e+02 1.54788696e+29
5.90316557e+02 -7.23660187e+29
5.90319853e+02 -1.39632536e+30
5.90323148e+02 6.50477917e+29
5.90326443e+02 -2.47333469e+30
5.90329738e+02 -2.92485559e+30
5.90333033e+02 -1.82470486e+30
5.90336328e+02 1.87509067e+28
5.90339623e+02 1.55184522e+30
5.90342918e+02 2.20644662e+30
5.90346214e+02 1.42095827e+29
5.90349509e+02 -2.95065701e+30
5.90352804e+02 -3.86370565e+29
5.90356099e+02 -1.02343945e+30
5.90359394e+02 -1.90400611e+30
5.90362689e+02 8.13053874e+28
5.90365984e+02 7.04972665e+29
5.90369279e+02 -8.36583158e+29
5.90372574e+02 -2.43404519e+30
5.90375870e+02 -5.65660868e+29
5.90379165e+02 5.97722791e+29
5.90382460e+02 -1.74008874e+29
5.90385755e+02 8.66970589e+29
5.90389050e+02 -1.78657479e+30
5.90392345e+02 1.96302939e+30
5.90395640e+02 -1.28862846e+29
5.90398935e+02 -9.66740224e+29
5.90402231e+02 -7.06307079e+28
5.90405526e+02 2.50389145e+30
5.90408821e+02 -2.12554290e+30
5.90412116e+02 -1.09629874e+30
5.90415411e+02 1.90651451e+30
