# Wavelength Flux(MR)
5.89097364e+02 -9.76624221e+29
5.89100659e+02 -3.22692244e+30
5.89103954e+02 -1.83649552e+30
5.89107249e+02 3.15726030e+30
5.89110544e+02 -9.96748893e+29
5.89113839e+02 -2.63279007e+30
5.89117135e+02 -1.01675860e+30
5.89120430e+02 9.13713396e+29
5.89123725e+02 1.53849482e+30
5.89127020e+02 -2.57791325e+30
5.89130315e+02 -3.18650568e+29
5.89133610e+02 3.98286248e+30
5.89136905e+02 2.75374201e+28
5.89140200e+02 -9.01334065e+29
5.89143496e+02 -8.54740702e+29
5.89146791e+02 1.85740377e+30
5.89150086e+02 -1.49345599e+30
5.89153381e+02 -8.76950526e+29
5.89156676e+02 -3.45942364e+29
5.89159971e+02 -1.28011240e+30
5.89163266e+02 -5.27140003e+29
5.89166561e+02 -1.07927908e+30
5.89169856e+02 8.29148656e+29
5.89173152e+02 2.90934108e+30
5.89176447e+02 8.83723106e+29
5.89179742e+02 -2.23054540e+30
5.89183037e+02 -6.84974116e+29
5.89186332e+02 2.06874301e+30
5.89189627e+02 -6.01615746e+28
5.89192922e+02 -9.75103215e+29
5.89196217e+02 -2.45574633e+30
5.89199513e+02 -7.42951187e+28
5.89202808e+02 1.71390894e+30
5.89206103e+02 -8.76772722e+29
5.89209398e+02 4.91259308e+29
5.89212693e+02 3.23652866e+30
5.89215988e+02 -2.19014520e+30
5.89219283e+02 -2.79338726e+30
5.89222578e+02 -3.99778096e+30
5.89225873e+02 4.12468251e+29
5.89229169e+02 9.35985161e+29
5.89232464e+02 -1.44321043e+30
5.89235759e+02 -7.49897783e+29
5.89239054e+02 -1.07698167e+30
5.89242349e+02 -2.76763948e+28
5.89245644e+02 1.63703390e+30
5.89248939e+02 1.42016364e+30
5.89252234e+02 5.61809840e+29
5.89255530e+02 5.12060547e+30
5.89258825e+02 -1.06575554e+30
5.89262120e+02 -3.92938585e+30
5.89265415e+02 -1.08605716e+29
5.89268710e+02 -8.48613523e+29
5.89272005e+02 -2.10737564e+30
5.89275300e+02 9.23528502e+29
5.89278595e+02 2.80427233e+29
5.89281890e+02 -3.90111384e+30
5.89285186e+02 8.53494379e+29
5.89288481e+02 9.01995284e+29
5.89291776e+02 2.35485025e+29
5.89295071e+02 3.31095163e+30
5.89298366e+02 2.62568749e+30
5.89301661e+02 -2.76730655e+30
5.89304956e+02 -9.98156650e+29
5.89308251e+02 2.76402815e+28
5.89311547e+02 -2.13379501e+30
5.89314842e+02 -3.85846665e+29
5.89318137e+02 -4.75444159e+30
5.89321432e+02 2.15981898e+30
5.89324727e+02 1.65544674e+30
5.89328022e+02 1.11143019e+30
5.89331317e+02 2.57807039e+30
5.89334612e+02 3.20211305e+29
5.89337907e+02 4.17237370e+29
5.89341203e+02 7.01707130e+29
5.89344498e+02 -2.46216385e+30
5.89347793e+02 -9.58716023e+29
5.89351088e+02 -1.09250568e+30
5.89354383e+02 -1.11901520e+30
5.89357678e+02 -1.30929701e+30
5.89360973e+02 2.88593916e+30
5.89364268e+02 2.44066569e+30
5.89367564e+02 1.29235739e+30
5.89370859e+02 -8.52063752e+29
5.89374154e+02 1.30895874e+30
5.89377449e+02 2.12629765e+30
5.89380744e+02 -2.63935145e+29
5.89384039e+02 -1.16749500e+30
5.89387334e+02 -8.30962439e+29
5.89390629e+02 1.06694418e+30
5.89393924e+02 -5.90232354e+29
5.89397220e+02 1.57214429e+30
5.89400515e+02 8.17045921e+29
5.89403810e+02 6.47841673e+29
5.89407105e+02 2.07615819e+30
5.89410400e+02 -1.17616588e+30
5.89413695e+02 1.35102723e+30
5.89416990e+02 -4.47983203e+29
5.89420285e+02 -1.54921686e+30
5.89423581e+02 -9.54321812e+28
5.89426876e+02 8.39067440e+29
5.89430171e+02 3.35576449e+29
5.89433466e+02 1.48214438e+29
5.89436761e+02 -7.90780910e+29
5.89440056e+02 -5.10600785e+29
5.89443351e+02 -2.83935680e+29
5.89446646e+02 -1.31388455e+29
5.89449941e+02 -1.04023202e+30
5.89453237e+02 -4.90630464e+29
5.89456532e+02 1.12879909e+30
5.89459827e+02 -7.15769592e+29
5.89463122e+02 -2.03240284e+30
5.89466417e+02 7.59589075e+29
5.89469712e+02 -2.04596763e+30
5.89473007e+02 2.66041410e+29
5.89476302e+02 4.74693694e+29
5.89479598e+02 -6.14214065e+29
5.89482893e+02 3.13867474e+30
5.89486188e+02 -9.45731125e+29
5.89489483e+02 1.14284141e+30
5.89492778e+02 1.64470846e+30
5.89496073e+02 -2.49127850e+30
5.89499368e+02 -1.98914985e+30
5.89502663e+02 -2.42171976e+30
5.89505959e+02 -1.90236830e+30
5.89509254e+02 2.40487195e+30
5.89512549e+02 1.68399279e+30
5.89515844e+02 7.18718784e+29
5.89519139e+02 1.05522189e+30
5.89522434e+02 -6.47232246e+29
5.89525729e+02 -1.56557526e+30
5.89529024e+02 7.89847924e+29
5.89532319e+02 8.54610686e+29
5.89535615e+02 7.51941516e+29
5.89538910e+02 9.82320706e+29
5.89542205e+02 -2.45759614e+29
5.89545500e+02 -1.55819046e+30
5.89548795e+02 -3.06288542e+30
5.89552090e+02 1.91417734e+30
5.89555385e+02 1.12929693e+30
5.89558680e+02 2.62509458e+30
5.89561976e+02 6.51522131e+27
5.89565271e+02 -3.66086671e+29
5.89568566e+02 -2.70092197e+29
5.89571861e+02 -4.76033923e+29
5.89575156e+02 -2.20979772e+30
5.89578451e+02 -1.03617775e+30
5.89581746e+02 2.10674347e+28
5.89585041e+02 -4.33227824e+29
5.89588336e+02 5.75153095e+29
5.89591632e+02 1.46481045e+30
5.89594927e+02 5.94829499e+29
5.89598222e+02 -5.38833131e+29
5.89601517e+02 -2.01351619e+29
5.89604812e+02 -4.16938451e+30
5.89608107e+02 8.11157559e+29
5.89611402e+02 -2.01448507e+30
5.89614697e+02 1.91254225e+29
5.89617993e+02 -2.57103492e+29
5.89621288e+02 1.83203445e+30
5.89624583e+02 -2.04791687e+29
5.89627878e+02 2.65549381e+30
5.89631173e+02 -1.46642555e+30
5.89634468e+02 3.05166804e+29
5.89637763e+02 2.69044111e+30
5.89641058e+02 1.66928644e+30
5.89644353e+02 1.35682218e+30
5.89647649e+02 -8.25714553e+29
5.89650944e+02 -1.15654446e+30
5.89654239e+02 -2.03367645e+30
5.89657534e+02 1.30582263e+30
5.89660829e+02 -2.00892145e+30
5.89664124e+02 -1.88366105e+30
5.89667419e+02 7.83555636e+29
5.89670714e+02 -1.09763221e+30
5.89674010e+02 -2.03639828e+30
5.89677305e+02 8.78624272e+29
5.89680600e+02 1.66074339e+30
5.89683895e+02 1.42396618e+30
5.89687190e+02 2.01480655e+30
5.89690485e+02 2.59760906e+30
5.89693780e+02 1.44834475e+30
5.89697075e+02 -1.71866020e+29
5.89700370e+02 -2.60980517e+30
5.89703666e+02 -2.73133831e+29
5.89706961e+02 6.66310255e+29
5.89710256e+02 1.29127783e+30
5.89713551e+02 1.56331408e+30
5.89716846e+02 -9.97586134e+29
5.89720141e+02 1.28152472e+30
5.89723436e+02 6.32887227e+29
5.89726731e+02 2.47014387e+29
5.89730027e+02 2.69637852e+30
5.89733322e+02 -1.22077471e+30
5.89736617e+02 2.87540019e+29
5.89739912e+02 2.11684812e+30
5.89743207e+02 2.15083992e+30
5.89746502e+02 -2.10083146e+30
5.89749797e+02 -5.02966659e+29
5.89753092e+02 -2.31044904e+30
5.89756387e+02 -4.08855229e+29
5.89759683e+02 -1.19338406e+30
5.89762978e+02 -1.48362587e+30
5.89766273e+02 7.89139745e+29
5.89769568e+02 -7.62944868e+29
5.89772863e+02 1.11317955e+30
5.89776158e+02 -8.26297988e+29
5.89779453e+02 3.53993089e+30
5.89782748e+02 1.20409650e+29
5.89786044e+02 -9.59839874e+29
5.89789339e+02 1.16129740e+29
5.89792634e+02 -2.39906453e+30
5.89795929e+02 8.20401884e+28
5.89799224e+02 1.77039038e+29
5.89802519e+02 -2.16686195e+30
5.89805814e+02 -1.07613170e+30
5.89809109e+02 1.23527834e+30
5.89812404e+02 2.33452831e+30
5.89815700e+02 -2.17229959e+28
5.89818995e+02 5.85404776e+29
5.89822290e+02 2.60838750e+30
5.89825585e+02 -8.74275469e+27
5.89828880e+02 2.50545060e+30
5.89832175e+02 -3.39759366e+29
5.89835470e+02 -2.71065443e+30
5.89838765e+02 3.61577748e+29
5.89842061e+02 7.53730051e+29
5.89845356e+02 1.18931035e+30
5.89848651e+02 -1.99070019e+29
5.89851946e+02 1.34320407e+30
5.89855241e+02 8.94693916e+29
5.89858536e+02 6.21080441e+29
5.89861831e+02 -7.66912796e+29
5.89865126e+02 -1.87548821e+30
5.89868421e+02 -2.88733500e+30
5.89871717e+02 2.10991277e+30
5.89875012e+02 -2.25793685e+30
5.89878307e+02 -8.47213294e+29
5.89881602e+02 3.57753433e+30
5.89884897e+02 -5.22821769e+29
5.89888192e+02 -1.21899920e+30
5.89891487e+02 1.94093576e+29
5.89894782e+02 7.34527820e+30
5.89898078e+02 8.78003146e+29
5.89901373e+02 -1.72103207e+30
5.89904668e+02 2.82291117e+30
5.89907963e+02 1.09251912e+30
5.89911258e+02 2.16377863e+29
5.89914553e+02 -4.17327409e+30
5.89917848e+02 5.70233875e+29
5.89921143e+02 1.79998160e+29
5.89924438e+02 -3.36490142e+30
5.89927734e+02 8.45773480e+29
5.89931029e+02 2.02412028e+30
5.89934324e+02 3.27826839e+29
5.89937619e+02 5.84418321e+29
5.89940914e+02 -7.38082757e+29
5.89944209e+02 3.28392781e+29
5.89947504e+02 2.43047409e+30
5.89950799e+02 1.67149597e+30
5.89954095e+02 1.28518163e+29
5.89957390e+02 2.23318867e+29
5.89960685e+02 6.01626717e+29
5.89963980e+02 -2.20070798e+30
5.89967275e+02 -3.93427609e+29
5.89970570e+02 -1.96880439e+30
5.89973865e+02 6.59727808e+29
5.89977160e+02 3.18875035e+29
5.89980455e+02 2.29487964e+30
5.89983751e+02 -2.25058132e+30
5.89987046e+02 3.29935403e+29
5.89990341e+02 3.61334480e+30
5.89993636e+02 5.68313066e+29
5.89996931e+02 5.19070653e+29
5.90000226e+02 2.21761485e+30
5.90003521e+02 1.58743449e+28
5.90006816e+02 5.19072183e+29
5.90010112e+02 -8.43533377e+29
5.90013407e+02 -1.18450686e+30
5.90016702e+02 -1.14887513e+30
5.90019997e+02 8.15674694e+29
5.90023292e+02 1.53871364e+29
5.90026587e+02 4.72122791e+29
5.90029882e+02 -3.76192018e+29
5.90033177e+02 1.36214571e+29
5.90036472e+02 3.65317859e+29
5.90039768e+02 -1.62769772e+30
5.90043063e+02 4.06687252e+29
5.90046358e+02 2.07365398e+30
5.90049653e+02 -1.01814450e+29
5.90052948e+02 -8.38061926e+29
5.90056243e+02 -2.02502398e+29
5.90059538e+02 -3.13385015e+30
5.90062833e+02 1.15061291e+30
5.90066129e+02 -1.61607335e+29
5.90069424e+02 6.68801462e+28
5.90072719e+02 -4.43237364e+28
5.90076014e+02 -1.33914130e+29
5.90079309e+02 1.21774235e+29
5.90082604e+02 7.52326106e+29
5.90085899e+02 -2.96099173e+29
5.90089194e+02 -1.27840966e+29
5.90092489e+02 -1.59704122e+30
5.90095785e+02 -8.76847339e+29
5.90099080e+02 -1.42483863e+30
5.90102375e+02 3.38177922e+29
5.90105670e+02 -5.46663889e+29
5.90108965e+02 2.51362462e+30
5.90112260e+02 1.78921255e+28
5.90115555e+02 -1.48183317e+30
5.90118850e+02 -5.99390532e+29
5.90122146e+02 -1.49719093e+30
5.90125441e+02 -6.94968835e+27
5.90128736e+02 1.44606943e+30
5.90132031e+02 -2.39016497e+30
5.90135326e+02 -9.27477395e+29
5.90138621e+02 2.90617160e+30
5.90141916e+02 -5.93756001e+29
5.90145211e+02 1.19340651e+29
5.90148506e+02 1.49290733e+29
5.90151802e+02 1.88810884e+30
5.90155097e+02 2.30444162e+30
5.90158392e+02 6.38353045e+29
5.90161687e+02 -4.91583552e+29
5.90164982e+02 2.98350524e+30
5.90168277e+02 1.45603582e+30
5.90171572e+02 -1.88814319e+30
5.90174867e+02 -2.70030729e+29
5.90178163e+02 -1.06874130e+30
5.90181458e+02 -2.19867014e+29
5.90184753e+02 -9.09487033e+29
5.90188048e+02 -9.56993304e+29
5.90191343e+02 -8.05143977e+28
5.90194638e+02 1.55417338e+30
5.90197933e+02 1.31882466e+30
5.90201228e+02 1.56687413e+30
5.90204523e+02 1.92027630e+30
5.90207819e+02 -1.89882990e+30
5.90211114e+02 2.14777725e+30
5.90214409e+02 1.82063407e+28
5.90217704e+02 -1.33346392e+30
5.90220999e+02 1.21193528e+30
5.90224294e+02 6.30184067e+29
5.90227589e+02 -2.00541350e+29
5.90230884e+02 1.80732704e+30
5.90234180e+02 -2.45446047e+30
5.90237475e+02 -1.42494391e+29
5.90240770e+02 -1.79595568e+30
5.90244065e+02 5.00795565e+29
5.90247360e+02 -4.38431070e+29
5.90250655e+02 1.16378819e+30
5.90253950e+02 -1.88349323e+29
5.90257245e+02 6.38210476e+29
5.90260540e+02 -3.72812808e+29
5.90263836e+02 3.27598575e+29
5.90267131e+02 1.26327354e+30
5.90270426e+02 -3.81237501e+28
5.90273721e+02 1.03443859e+30
5.90277016e+02 -3.67700860e+30
5.90280311e+02 4.07429270e+29
5.90283606e+02 1.65276417e+30
5.90286901e+02 6.38995177e+30
5.90290197e+02 -6.27136526e+29
5.90293492e+02 -6.47571742e+29
5.90296787e+02 5.96327405e+29
5.90300082e+02 8.58672117e+29
5.90303377e+02 -2.73151927e+29
5.90306672e+02 4.86312699e+29
5.90309967e+02 -2.05639251e+30
5.90313262e+02 2.92540378e+29
5.90316557e+02 6.70033682e+29
5.90319853e+02 6.59526404e+29
5.90323148e+02 4.33269860e+29
5.90326443e+02 -1.15696359e+30
5.90329738e+02 6.61670171e+29
5.90333033e+02 -3.29403056e+29
5.90336328e+02 -1.36920877e+30
5.90339623e+02 8.47238598e+29
5.90342918e+02 1.97914815e+30
5.90346214e+02 -3.92415835e+30
5.90349509e+02 -3.96594974e+30
5.90352804e+02 6.41284538e+29
5.90356099e+02 6.09796909e+28
5.90359394e+02 1.51654939e+30
5.90362689e+02 1.33084365e+30
5.90365984e+02 -1.40967648e+30
5.90369279e+02 -1.31976176e+30
5.90372574e+02 -2.33776033e+30
5.90375870e+02 -9.31211341e+29
5.90379165e+02 -1.60142618e+30
5.90382460e+02 -9.27349656e+29
5.90385755e+02 -2.10588514e+30
5.90389050e+02 1.16675721e+29
5.90392345e+02 -1.64184205e+30
5.90395640e+02 2.17410043e+30
5.90398935e+02 1.24794596e+30
5.90402231e+02 1.31681374e+30
5.90405526e+02 -1.29449399e+30
5.90408821e+02 1.81436138e+30
5.90412116e+02 -4.45131449e+29
5.90415411e+02 1.52752073e+30
