Wavelength(nm) Intensity
5.89097364e+02 1.59592968e+02
5.89100659e+02 2.61103803e+00
5.89103954e+02 1.97861109e+02
5.89107249e+02 1.23256187e+02
5.89110544e+02 -2.69491851e+02
5.89113839e+02 1.66341388e+02
5.89117135e+02 -7.47687565e+01
5.89120430e+02 1.31205680e+02
5.89123725e+02 -3.20610032e+02
5.89127020e+02 -5.28379047e+01
5.89130315e+02 4.17028558e+01
5.89133610e+02 1.71274268e+01
5.89136905e+02 -1.79754040e+02
5.89140200e+02 2.90310109e+02
5.89143496e+02 6.41387495e+01
5.89146791e+02 1.23421746e+02
5.89150086e+02 -3.21026274e+02
5.89153381e+02 -1.90583625e+01
5.89156676e+02 3.58945668e+02
5.89159971e+02 -6.66635623e+01
5.89163266e+02 2.08120529e+02
5.89166561e+02 9.08874505e+01
5.89169856e+02 9.15407950e+01
5.89173152e+02 5.12273308e+01
5.89176447e+02 7.36261042e+01
5.89179742e+02 1.25592909e+02
5.89183037e+02 -1.13048235e+02
5.89186332e+02 -1.22201509e+01
5.89189627e+02 9.94597008e+01
5.89192922e+02 7.45068237e+01
5.89196217e+02 -1.40416516e+02
5.89199513e+02 -9.79326352e+01
5.89202808e+02 6.30338884e+01
5.89206103e+02 -9.94667044e+01
5.89209398e+02 -2.52740482e+02
5.89212693e+02 2.21392513e+01
5.89215988e+02 2.65175733e+01
5.89219283e+02 -1.88717497e+02
5.89222578e+02 4.16248384e+01
5.89225873e+02 -3.38172312e+02
5.89229169e+02 7.59079521e+01
5.89232464e+02 9.78451793e+01
5.89235759e+02 -1.80728446e+02
5.89239054e+02 3.88321217e+01
5.89242349e+02 2.76709178e+02
5.89245644e+02 2.23351550e+02
5.89248939e+02 -1.85519590e+02
5.89252234e+02 -3.30703766e+02
5.89255530e+02 -1.22237223e+01
5.89258825e+02 1.86445804e+02
5.89262120e+02 -6.98819281e+01
5.89265415e+02 -1.28971836e+02
5.89268710e+02 -8.86766110e+00
5.89272005e+02 7.69159570e+01
5.89275300e+02 9.17041280e-01
5.89278595e+02 -1.89751940e+01
5.89281890e+02 1.47063159e+02
5.89285186e+02 3.81597094e+01
5.89288481e+02 -1.88229592e+02
5.89291776e+02 2.27680672e+02
5.89295071e+02 7.81624663e+01
5.89298366e+02 -4.29962221e+01
5.89301661e+02 -4.67192738e+02
5.89304956e+02 2.17861759e+01
5.89308251e+02 -9.13896388e+01
5.89311547e+02 2.83446950e+02
5.89314842e+02 2.50321359e+02
5.89318137e+02 8.72915046e+01
5.89321432e+02 -2.05009991e+01
5.89324727e+02 8.88115516e+01
5.89328022e+02 -1.21222311e+02
5.89331317e+02 2.52520441e+00
5.89334612e+02 -1.83220728e+02
5.89337907e+02 -1.83359764e+02
5.89341203e+02 1.81491467e+02
5.89344498e+02 -3.56954354e+01
5.89347793e+02 -7.03025551e+01
5.89351088e+02 -6.31813485e+01
5.89354383e+02 -1.04009359e+02
5.89357678e+02 -1.39898352e+02
5.89360973e+02 1.25862098e+00
5.89364268e+02 -1.87681698e+02
5.89367564e+02 1.13550515e+02
5.89370859e+02 -1.54570206e+02
5.89374154e+02 -1.77646672e+02
5.89377449e+02 1.83966306e+01
5.89380744e+02 -1.56752100e+02
5.89384039e+02 1.28967133e+02
5.89387334e+02 -2.68540827e+01
5.89390629e+02 1.17104957e+02
5.89393924e+02 1.29242884e+02
5.89397220e+02 -1.26014644e+02
5.89400515e+02 -2.53088446e+01
5.89403810e+02 7.72294638e+01
5.89407105e+02 1.64531706e+01
5.89410400e+02 -2.33364642e+02
5.89413695e+02 -2.59315140e+02
5.89416990e+02 1.03434828e+02
5.89420285e+02 7.83352956e+01
5.89423581e+02 1.55645338e+02
5.89426876e+02 2.13928727e+00
5.89430171e+02 -2.25339358e+02
5.89433466e+02 2.47331484e+02
5.89436761e+02 1.19269078e+02
5.89440056e+02 3.50480349e+01
5.89443351e+02 -2.16637865e+02
5.89446646e+02 1.05507960e+01
5.89449941e+02 1.07986194e+02
5.89453237e+02 -8.88074223e+01
5.89456532e+02 -5.27117195e+01
5.89459827e+02 -7.11927922e+00
5.89463122e+02 -7.90961648e+01
5.89466417e+02 5.25026154e+01
5.89469712e+02 -8.82528813e+01
5.89473007e+02 5.00777162e+01
5.89476302e+02 7.18232503e+01
5.89479598e+02 -1.50410581e+02
5.89482893e+02 -2.58749340e+02
5.89486188e+02 -1.08491313e+02
5.89489483e+02 7.74810810e+01
5.89492778e+02 -2.12936123e+02
5.89496073e+02 -2.29222095e+02
5.89499368e+02 4.01809042e+02
5.89502663e+02 5.41394237e+01
5.89505959e+02 -1.84310599e+02
5.89509254e+02 -2.74740868e+01
5.89512549e+02 -3.01490550e+02
5.89515844e+02 5.58908072e+01
5.89519139e+02 -1.55465844e+01
5.89522434e+02 4.79594877e+01
5.89525729e+02 4.10608149e+01
5.89529024e+02 -4.77803579e+01
5.89532319e+02 -2.35049350e+02
5.89535615e+02 -1.07054419e+01
5.89538910e+02 1.35906508e+02
5.89542205e+02 1.62871797e+02
5.89545500e+02 1.50793565e+02
5.89548795e+02 -1.59340685e+02
5.89552090e+02 -8.44327867e+01
5.89555385e+02 4.70518650e+01
5.89558680e+02 8.38046800e+01
5.89561976e+02 1.30562111e+02
5.89565271e+02 1.57221143e+01
5.89568566e+02 6.53062990e+01
5.89571861e+02 -7.13492338e+00
5.89575156e+02 1.34906354e+02
5.89578451e+02 -6.12067868e+01
5.89581746e+02 -2.05817713e+01
5.89585041e+02 3.49560312e+01
5.89588336e+02 -2.00409212e+02
5.89591632e+02 -1.90619022e+02
5.89594927e+02 2.11871923e+02
5.89598222e+02 -8.16383081e+01
5.89601517e+02 -2.32888143e+02
5.89604812e+02 -1.42879984e+02
5.89608107e+02 -9.30359762e+01
5.89611402e+02 -3.08815797e+01
5.89614697e+02 -6.28135770e+01
5.89617993e+02 -1.85801660e+01
5.89621288e+02 4.79811524e+01
5.89624583e+02 7.60737041e+00
5.89627878e+02 2.16990690e+02
5.89631173e+02 -2.31979670e+01
5.89634468e+02 8.47364125e+01
5.89637763e+02 6.88157231e+01
5.89641058e+02 -1.16151680e+02
5.89644353e+02 -1.08092733e+02
5.89647649e+02 1.76536370e+02
5.89650944e+02 -6.52626793e+01
5.89654239e+02 -1.17089143e+02
5.89657534e+02 7.63923350e+01
5.89660829e+02 -9.24584507e+01
5.89664124e+02 -4.88804049e+01
5.89667419e+02 -3.89159254e+01
5.89670714e+02 -1.38480652e+02
5.89674010e+02 8.65243940e+01
5.89677305e+02 -3.52443819e+01
5.89680600e+02 -2.78725758e+02
5.89683895e+02 5.55377940e+01
5.89687190e+02 1.42471647e+02
5.89690485e+02 -9.55616471e+01
5.89693780e+02 -1.26480451e+02
5.89697075e+02 -1.74668827e+02
5.89700370e+02 -1.18846533e+02
5.89703666e+02 1.23537105e+02
5.89706961e+02 1.05962872e+02
5.89710256e+02 -1.50719944e+02
5.89713551e+02 1.83748806e+02
5.89716846e+02 -2.80869135e+01
5.89720141e+02 -6.69759290e+01
5.89723436e+02 -4.72318159e+01
5.89726731e+02 -5.21308459e+01
5.89730027e+02 -6.01645128e+01
5.89733322e+02 -2.94034721e+02
5.89736617e+02 -6.70611871e+01
5.89739912e+02 -1.13389588e+02
5.89743207e+02 -1.85139324e+02
5.89746502e+02 -2.10812798e+02
5.89749797e+02 -2.25813203e-01
5.89753092e+02 2.10979501e+02
5.89756387e+02 5.83079090e+01
5.89759683e+02 3.28052509e+02
5.89762978e+02 -5.15931242e+01
5.89766273e+02 -1.66139247e+02
5.89769568e+02 -7.87529450e+00
5.89772863e+02 4.03396559e+01
5.89776158e+02 -1.73050421e+02
5.89779453e+02 2.05610187e+02
5.89782748e+02 -2.47962895e+02
5.89786044e+02 1.93745856e+02
5.89789339e+02 -1.26046382e+02
5.89792634e+02 -1.50974259e+02
5.89795929e+02 -5.19605927e+01
5.89799224e+02 3.20299892e+02
5.89802519e+02 1.55511496e+02
5.89805814e+02 1.77863264e+02
5.89809109e+02 -6.18259197e+01
5.89812404e+02 2.49286035e+02
5.89815700e+02 7.75501155e+01
5.89818995e+02 -2.19945705e+01
5.89822290e+02 1.16759797e+02
5.89825585e+02 -1.14521362e+02
5.89828880e+02 -3.36382295e+01
5.89832175e+02 9.59475097e+01
5.89835470e+02 -2.82597877e+02
5.89838765e+02 9.45855160e+01
5.89842061e+02 1.36564226e+02
5.89845356e+02 1.66226465e+02
5.89848651e+02 -2.39961235e+02
5.89851946e+02 -5.86733070e+01
5.89855241e+02 -3.68048426e+01
5.89858536e+02 7.70515940e+01
5.89861831e+02 2.31223078e+02
5.89865126e+02 5.18804087e+01
5.89868421e+02 -2.74678535e+02
5.89871717e+02 -3.22583034e+01
5.89875012e+02 -2.03247522e+02
5.89878307e+02 -1.74996977e+02
5.89881602e+02 -1.90011337e+01
5.89884897e+02 9.09588231e+00
5.89888192e+02 -1.82357866e+02
5.89891487e+02 -1.43660935e+02
5.89894782e+02 5.73308220e+00
5.89898078e+02 6.14839909e+01
5.89901373e+02 2.06849670e+01
5.89904668e+02 -1.33919960e+02
5.89907963e+02 5.87895917e+01
5.89911258e+02 -7.12705429e+01
5.89914553e+02 -3.78462859e+01
5.89917848e+02 -9.01547196e+01
5.89921143e+02 -2.54835010e+01
5.89924438e+02 -4.89716841e+01
5.89927734e+02 2.59651918e+02
5.89931029e+02 7.42077842e+01
5.89934324e+02 1.66906895e+02
5.89937619e+02 1.72425029e+02
5.89940914e+02 1.44872304e+02
5.89944209e+02 -1.21567122e+02
5.89947504e+02 -3.96839281e+02
5.89950799e+02 -2.59742041e+02
5.89954095e+02 1.36729411e+02
5.89957390e+02 3.38896495e+01
5.89960685e+02 2.31780449e+01
5.89963980e+02 -1.24708343e+02
5.89967275e+02 -2.49896930e+02
5.89970570e+02 3.99149000e+01
5.89973865e+02 -8.62154459e+00
5.89977160e+02 1.80905857e+02
5.89980455e+02 -4.92536581e+01
5.89983751e+02 -1.76616146e+02
5.89987046e+02 -4.00317295e+01
5.89990341e+02 7.93607914e+00
5.89993636e+02 -7.33854497e+01
5.89996931e+02 1.30268362e+02
5.90000226e+02 -3.39244363e+01
5.90003521e+02 -3.14583057e+02
5.90006816e+02 -3.00481625e+01
5.90010112e+02 -1.93426883e+02
5.90013407e+02 7.01658933e+01
5.90016702e+02 1.44489961e+02
5.90019997e+02 3.41144572e+02
5.90023292e+02 2.31215487e+02
5.90026587e+02 -5.20426166e+01
5.90029882e+02 -1.34293857e+02
5.90033177e+02 -3.07454195e+01
5.90036472e+02 8.28446455e+01
5.90039768e+02 -2.41220946e+02
5.90043063e+02 -1.05422125e+02
5.90046358e+02 -2.77451842e+01
5.90049653e+02 6.22245202e+01
5.90052948e+02 -1.31302674e+02
5.90056243e+02 7.28877143e+01
5.90059538e+02 -9.31957010e+00
5.90062833e+02 1.61462578e+02
5.90066129e+02 1.10600467e+02
5.90069424e+02 2.17614361e+02
5.90072719e+02 -1.90663186e+01
5.90076014e+02 -1.21286411e+02
5.90079309e+02 -3.79355220e+01
5.90082604e+02 -1.01653087e+02
5.90085899e+02 -2.56235616e+02
5.90089194e+02 8.69481548e+01
5.90092489e+02 -1.44826840e+02
5.90095785e+02 1.27630030e+02
5.90099080e+02 3.98898717e+01
5.90102375e+02 7.05194256e+01
5.90105670e+02 1.28043432e+02
5.90108965e+02 -1.71914718e+02
5.90112260e+02 -2.51538864e+02
5.90115555e+02 -2.36052452e+02
5.90118850e+02 -5.50309161e+01
5.90122146e+02 6.01601155e+01
5.90125441e+02 -3.25940479e+02
5.90128736e+02 -3.86651925e+01
5.90132031e+02 7.25948804e+01
5.90135326e+02 -9.83969735e+01
5.90138621e+02 1.84863576e+02
5.90141916e+02 7.83598749e+01
5.90145211e+02 -2.55921496e+02
5.90148506e+02 -8.49257751e+01
5.90151802e+02 2.85152541e+02
5.90155097e+02 -2.57221411e+02
5.90158392e+02 -8.36513857e+01
5.90161687e+02 5.23314916e+01
5.90164982e+02 -2.78848937e+02
5.90168277e+02 -1.81564422e+02
5.90171572e+02 9.81890063e+01
5.90174867e+02 2.58099016e+02
5.90178163e+02 -2.18652033e+01
5.90181458e+02 1.26880583e+02
5.90184753e+02 -2.46933342e+02
5.90188048e+02 -1.15165462e+02
5.90191343e+02 2.07715942e+02
5.90194638e+02 2.00044800e+01
5.90197933e+02 8.46300042e+01
5.90201228e+02 5.57693125e+01
5.90204523e+02 1.59673943e+02
5.90207819e+02 -1.70754881e+02
5.90211114e+02 -1.14779507e+02
5.90214409e+02 -2.27794550e+02
5.90217704e+02 -5.60077785e+01
5.90220999e+02 -1.38973791e+02
5.90224294e+02 -8.78589744e+01
5.90227589e+02 -7.98889724e+01
5.90230884e+02 -2.74421157e+02
5.90234180e+02 -3.16179201e+01
5.90237475e+02 2.85489460e+01
5.90240770e+02 1.53225871e+02
5.90244065e+02 1.60236522e+02
5.90247360e+02 -6.47059901e+00
5.90250655e+02 3.73134091e+00
5.90253950e+02 -2.08591312e+02
5.90257245e+02 -1.09320126e+02
5.90260540e+02 -2.40742683e+02
5.90263836e+02 4.25514227e+01
5.90267131e+02 3.55848239e+02
5.90270426e+02 -4.25002406e+00
5.90273721e+02 -1.10937124e+01
5.90277016e+02 5.56171180e+00
5.90280311e+02 -7.19250133e+01
5.90283606e+02 5.34566123e+01
5.90286901e+02 4.88785178e+01
5.90290197e+02 -1.99201024e+02
5.90293492e+02 -2.64087891e+01
5.90296787e+02 -1.02325196e+02
5.90300082e+02 -9.84036189e+01
5.90303377e+02 5.71984586e+01
5.90306672e+02 -2.72831599e+01
5.90309967e+02 -2.23722120e+02
5.90313262e+02 -5.02329692e+01
5.90316557e+02 -1.38687517e+02
5.90319853e+02 2.82104554e+01
5.90323148e+02 5.36008321e+01
5.90326443e+02 -8.50455801e+01
5.90329738e+02 -7.65084116e+01
5.90333033e+02 -1.52308712e+02
5.90336328e+02 2.47577074e+01
5.90339623e+02 8.19873499e+01
5.90342918e+02 -1.08760537e+02
5.90346214e+02 -1.33093098e+02
5.90349509e+02 4.38342309e+01
5.90352804e+02 -1.17063728e+02
5.90356099e+02 6.34143933e+01
5.90359394e+02 1.95141642e+01
5.90362689e+02 3.14594352e+02
5.90365984e+02 1.78213771e+01
5.90369279e+02 -1.76011593e+02
5.90372574e+02 -1.70688546e+02
5.90375870e+02 2.26386036e+01
5.90379165e+02 6.00507908e+01
5.90382460e+02 -2.96130681e+01
5.90385755e+02 2.72357486e+02
5.90389050e+02 -1.04343136e+01
5.90392345e+02 2.28255950e+00
5.90395640e+02 8.38227418e+01
5.90398935e+02 1.02617214e+02
5.90402231e+02 4.36820098e+01
5.90405526e+02 6.85356892e+01
5.90408821e+02 -2.19806227e+02
5.90412116e+02 -9.97654228e+01
5.90415411e+02 1.73966633e+02
