# Wavelength Flux(MR)
5.89097364e+02 6.00989682e+29
5.89100659e+02 2.03769913e+30
5.89103954e+02 9.65043047e+29
5.89107249e+02 -7.20091717e+29
5.89110544e+02 1.95799967e+30
5.89113839e+02 8.82704926e+29
5.89117135e+02 2.64408529e+29
5.89120430e+02 -5.05305542e+29
5.89123725e+02 7.05549077e+29
5.89127020e+02 1.37768369e+29
5.89130315e+02 -3.00274156e+29
5.89133610e+02 -1.06749649e+30
5.89136905e+02 -7.92169832e+29
5.89140200e+02 -2.06183043e+30
5.89143496e+02 2.02569541e+30
5.89146791e+02 1.04200775e+30
5.89150086e+02 -6.32056788e+29
5.89153381e+02 -1.68287519e+30
5.89156676e+02 -2.08641251e+30
5.89159971e+02 -1.15388998e+30
5.89163266e+02 -1.92503315e+30
5.89166561e+02 -4.82341784e+29
5.89169856e+02 -1.07637716e+30
5.89173152e+02 2.15780851e+30
5.89176447e+02 -1.17641280e+29
5.89179742e+02 1.56665926e+29
5.89183037e+02 -1.71445618e+30
5.89186332e+02 -5.86172458e+29
5.89189627e+02 4.49163428e+28
5.89192922e+02 1.70505276e+29
5.89196217e+02 -8.12750035e+29
5.89199513e+02 5.79078761e+29
5.89202808e+02 -2.08531036e+29
5.89206103e+02 2.07319364e+30
5.89209398e+02 2.41013079e+30
5.89212693e+02 8.22652075e+29
5.89215988e+02 -4.11168737e+29
5.89219283e+02 1.66945238e+30
5.89222578e+02 -1.41726282e+30
5.89225873e+02 -1.66519711e+29
5.89229169e+02 6.68957066e+29
5.89232464e+02 -1.32513823e+30
5.89235759e+02 -1.28527377e+30
5.89239054e+02 2.27936503e+29
5.89242349e+02 -1.85588072e+30
5.89245644e+02 6.48547475e+28
5.89248939e+02 1.64586578e+30
5.89252234e+02 -2.31457090e+30
5.89255530e+02 1.94422997e+30
5.89258825e+02 2.47120591e+30
5.89262120e+02 -1.42828315e+30
5.89265415e+02 -1.57171959e+30
5.89268710e+02 1.34225132e+30
5.89272005e+02 1.94500760e+30
5.89275300e+02 1.08377769e+30
5.89278595e+02 -1.31490050e+30
5.89281890e+02 -1.18599573e+30
5.89285186e+02 -1.57303414e+29
5.89288481e+02 -5.37751585e+29
5.89291776e+02 -2.08253307e+30
5.89295071e+02 -4.30528265e+28
5.89298366e+02 -2.04958398e+29
5.89301661e+02 -1.95412104e+29
5.89304956e+02 -1.13425954e+30
5.89308251e+02 -1.09256916e+30
5.89311547e+02 6.13029463e+29
5.89314842e+02 1.59460753e+30
5.89318137e+02 -2.09097114e+29
5.89321432e+02 1.07739979e+29
5.89324727e+02 -3.02515958e+29
5.89328022e+02 -2.36667009e+30
5.89331317e+02 -4.78250662e+29
5.89334612e+02 -6.27553459e+29
5.89337907e+02 -8.05308583e+29
5.89341203e+02 5.57028731e+29
5.89344498e+02 -4.02716339e+29
5.89347793e+02 -1.00096899e+30
5.89351088e+02 6.30311691e+29
5.89354383e+02 -1.41182640e+30
5.89357678e+02 3.77059045e+29
5.89360973e+02 2.10180825e+30
5.89364268e+02 3.56753069e+29
5.89367564e+02 3.12891264e+29
5.89370859e+02 -6.52254151e+29
5.89374154e+02 -1.07660596e+30
5.89377449e+02 -9.80761036e+29
5.89380744e+02 -2.77471715e+29
5.89384039e+02 1.85989080e+30
5.89387334e+02 3.12783517e+29
5.89390629e+02 -1.71082300e+30
5.89393924e+02 -1.79200919e+30
5.89397220e+02 6.42697349e+29
5.89400515e+02 1.12389371e+30
5.89403810e+02 1.89220400e+30
5.89407105e+02 -2.03760333e+30
5.89410400e+02 -1.93372705e+29
5.89413695e+02 8.27490762e+28
5.89416990e+02 9.62141497e+28
5.89420285e+02 -4.86039848e+29
5.89423581e+02 -1.93051070e+30
5.89426876e+02 6.31823057e+29
5.89430171e+02 -1.61442693e+30
5.89433466e+02 -6.83903908e+29
5.89436761e+02 -1.10390054e+28
5.89440056e+02 2.99703029e+29
5.89443351e+02 -4.72630659e+29
5.89446646e+02 3.66296505e+29
5.89449941e+02 2.04539068e+30
5.89453237e+02 -8.66154347e+29
5.89456532e+02 -1.17532947e+30
5.89459827e+02 3.16713453e+29
5.89463122e+02 -5.06794662e+29
5.89466417e+02 1.28670241e+30
5.89469712e+02 -1.40410355e+30
5.89473007e+02 -4.17086543e+29
5.89476302e+02 1.03824279e+30
5.89479598e+02 -1.30150167e+30
5.89482893e+02 -1.88270374e+30
5.89486188e+02 -1.36823852e+30
5.89489483e+02 8.45714934e+29
5.89492778e+02 -7.33429603e+29
5.89496073e+02 1.02237145e+29
5.89499368e+02 1.09843456e+30
5.89502663e+02 3.67807906e+28
5.89505959e+02 -9.24901007e+29
5.89509254e+02 -6.76281882e+29
5.89512549e+02 1.47504767e+30
5.89515844e+02 -5.96763572e+29
5.89519139e+02 -1.14227012e+30
5.89522434e+02 -9.30923481e+29
5.89525729e+02 1.10414334e+30
5.89529024e+02 1.93695152e+29
5.89532319e+02 9.23369812e+29
5.89535615e+02 -1.04736565e+30
5.89538910e+02 2.88510721e+29
5.89542205e+02 1.47414606e+30
5.89545500e+02 6.40858705e+29
5.89548795e+02 -7.23569093e+29
5.89552090e+02 4.35763527e+29
5.89555385e+02 5.99146648e+28
5.89558680e+02 1.09599600e+29
5.89561976e+02 -1.68866874e+30
5.89565271e+02 -1.61489213e+30
5.89568566e+02 4.61712194e+29
5.89571861e+02 2.19263757e+30
5.89575156e+02 -8.53040058e+29
5.89578451e+02 -2.01988399e+29
5.89581746e+02 -4.43436993e+29
5.89585041e+02 3.89626869e+29
5.89588336e+02 4.06344142e+29
5.89591632e+02 1.05714790e+30
5.89594927e+02 9.88507967e+29
5.89598222e+02 -1.22905560e+30
5.89601517e+02 -9.00908953e+29
5.89604812e+02 -1.51148699e+30
5.89608107e+02 7.19466635e+29
5.89611402e+02 -4.57821478e+29
5.89614697e+02 -4.07000831e+29
5.89617993e+02 -2.51508261e+30
5.89621288e+02 2.21309160e+29
5.89624583e+02 -4.68003851e+29
5.89627878e+02 -1.73388417e+30
5.89631173e+02 3.87851941e+29
5.89634468e+02 2.40199482e+30
5.89637763e+02 1.28029186e+30
5.89641058e+02 -8.94336424e+29
5.89644353e+02 2.07758208e+30
5.89647649e+02 -1.14782143e+30
5.89650944e+02 1.06718645e+30
5.89654239e+02 -2.74940982e+28
5.89657534e+02 -1.33368145e+30
5.89660829e+02 -2.09014838e+30
5.89664124e+02 7.36376558e+29
5.89667419e+02 1.20966707e+29
5.89670714e+02 -6.89040353e+29
5.89674010e+02 -1.15296472e+30
5.89677305e+02 1.96054771e+30
5.89680600e+02 2.89760885e+29
5.89683895e+02 8.13226884e+29
5.89687190e+02 1.36381591e+29
5.89690485e+02 2.02632405e+30
5.89693780e+02 -4.16354373e+29
5.89697075e+02 -1.06909874e+30
5.89700370e+02 -5.12166198e+29
5.89703666e+02 9.38983960e+29
5.89706961e+02 1.00948816e+30
5.89710256e+02 -1.67785960e+30
5.89713551e+02 -3.09999791e+29
5.89716846e+02 1.43189388e+30
5.89720141e+02 1.81427063e+29
5.89723436e+02 -3.78369394e+30
5.89726731e+02 -3.58302184e+29
5.89730027e+02 1.71750708e+30
5.89733322e+02 -1.13164333e+30
5.89736617e+02 -1.73144164e+29
5.89739912e+02 1.82337280e+30
5.89743207e+02 4.82528575e+29
5.89746502e+02 1.51586084e+30
5.89749797e+02 -2.26496755e+29
5.89753092e+02 -1.51309699e+30
5.89756387e+02 9.69027293e+29
5.89759683e+02 1.10475910e+30
5.89762978e+02 -1.07063441e+30
5.89766273e+02 8.85036385e+29
5.89769568e+02 -1.74989816e+29
5.89772863e+02 8.45711407e+29
5.89776158e+02 -7.01186308e+29
5.89779453e+02 -2.32901292e+29
5.89782748e+02 1.06718750e+30
5.89786044e+02 -1.81869386e+30
5.89789339e+02 -1.67818112e+29
5.89792634e+02 -8.34164040e+29
5.89795929e+02 -1.56686380e+29
5.89799224e+02 5.44093468e+29
5.89802519e+02 -1.25997684e+30
5.89805814e+02 -6.75101007e+29
5.89809109e+02 -1.25806979e+30
5.89812404e+02 8.42750388e+29
5.89815700e+02 -8.91165280e+29
5.89818995e+02 -2.88112295e+30
5.89822290e+02 1.18223989e+30
5.89825585e+02 -5.66394429e+29
5.89828880e+02 -3.59466800e+29
5.89832175e+02 1.26728235e+30
5.89835470e+02 1.89770702e+28
5.89838765e+02 -6.76409288e+29
5.89842061e+02 1.49161239e+30
5.89845356e+02 -9.21569578e+29
5.89848651e+02 4.41400621e+29
5.89851946e+02 6.88516642e+29
5.89855241e+02 -1.38479772e+30
5.89858536e+02 -5.85778368e+27
5.89861831e+02 -8.41502873e+29
5.89865126e+02 7.03285245e+29
5.89868421e+02 1.34279131e+30
5.89871717e+02 -1.17793301e+30
5.89875012e+02 5.07350873e+29
5.89878307e+02 -1.06875333e+30
5.89881602e+02 -2.44632177e+29
5.89884897e+02 1.07842736e+30
5.89888192e+02 -2.22138996e+30
5.89891487e+02 -8.84607807e+28
5.89894782e+02 -5.12890576e+29
5.89898078e+02 -1.24527248e+30
5.89901373e+02 4.36317671e+29
5.89904668e+02 -4.86689099e+29
5.89907963e+02 5.39358780e+29
5.89911258e+02 1.08176639e+30
5.89914553e+02 -5.80895128e+29
5.89917848e+02 7.27222487e+29
5.89921143e+02 1.20070627e+30
5.89924438e+02 -2.31347404e+29
5.89927734e+02 -5.27512673e+29
5.89931029e+02 -1.33714371e+29
5.89934324e+02 8.07011869e+29
5.89937619e+02 -3.76432623e+29
5.89940914e+02 -4.68988896e+29
5.89944209e+02 1.23739509e+30
5.89947504e+02 2.17087586e+30
5.89950799e+02 8.26327520e+29
5.89954095e+02 -9.26275752e+29
5.89957390e+02 1.26057765e+30
5.89960685e+02 2.49493994e+30
5.89963980e+02 -9.00346572e+29
5.89967275e+02 -1.15099348e+30
5.89970570e+02 -7.78011619e+29
5.89973865e+02 7.60781002e+29
5.89977160e+02 5.50409915e+29
5.89980455e+02 -1.17849681e+30
5.89983751e+02 -1.26502790e+30
5.89987046e+02 1.26300843e+30
5.89990341e+02 1.33479300e+30
5.89993636e+02 -7.31964269e+29
5.89996931e+02 -6.78451838e+29
5.90000226e+02 1.98876963e+29
5.90003521e+02 -2.46189743e+29
5.90006816e+02 -9.47712524e+29
5.90010112e+02 -2.65389196e+30
5.90013407e+02 1.23832436e+30
5.90016702e+02 1.10382746e+30
5.90019997e+02 2.62028064e+25
5.90023292e+02 3.31575051e+29
5.90026587e+02 2.02895755e+29
5.90029882e+02 -1.80486007e+30
5.90033177e+02 -2.10335794e+29
5.90036472e+02 7.28249078e+29
5.90039768e+02 -6.49700881e+29
5.90043063e+02 -5.74464045e+28
5.90046358e+02 -4.65445882e+29
5.90049653e+02 -1.49430106e+30
5.90052948e+02 1.44762255e+30
5.90056243e+02 2.92906891e+29
5.90059538e+02 -7.08019448e+29
5.90062833e+02 6.00708187e+29
5.90066129e+02 1.63879647e+29
5.90069424e+02 -4.91448338e+29
5.90072719e+02 -4.24377720e+29
5.90076014e+02 -2.16649572e+30
5.90079309e+02 1.63436568e+29
5.90082604e+02 -8.89515154e+29
5.90085899e+02 -1.33289188e+30
5.90089194e+02 3.68712248e+29
5.90092489e+02 -2.65135532e+29
5.90095785e+02 -9.27717944e+29
5.90099080e+02 8.13385689e+29
5.90102375e+02 2.90582351e+29
5.90105670e+02 -2.80078613e+30
5.90108965e+02 5.42698530e+28
5.90112260e+02 5.01673629e+29
5.90115555e+02 -2.67175497e+29
5.90118850e+02 8.27988527e+29
5.90122146e+02 -6.40257073e+29
5.90125441e+02 -4.73274754e+29
5.90128736e+02 5.49579102e+29
5.90132031e+02 -1.23754503e+30
5.90135326e+02 -7.23642261e+29
5.90138621e+02 5.49495467e+29
5.90141916e+02 -3.60958871e+28
5.90145211e+02 -1.06681280e+29
5.90148506e+02 -1.00675418e+30
5.90151802e+02 -1.14107621e+30
5.90155097e+02 -9.27918290e+29
5.90158392e+02 5.37282474e+29
5.90161687e+02 1.21699573e+30
5.90164982e+02 6.51414974e+29
5.90168277e+02 -6.27577174e+29
5.90171572e+02 1.04992130e+30
5.90174867e+02 1.48238010e+30
5.90178163e+02 3.57771718e+29
5.90181458e+02 -7.06868246e+29
5.90184753e+02 2.10149184e+29
5.90188048e+02 1.36873651e+30
5.90191343e+02 1.35546222e+30
5.90194638e+02 1.73003274e+30
5.90197933e+02 -1.20146018e+29
5.90201228e+02 -3.59933482e+29
5.90204523e+02 1.28225282e+29
5.90207819e+02 1.02173702e+30
5.90211114e+02 1.56108514e+30
5.90214409e+02 2.09339558e+29
5.90217704e+02 9.87276813e+29
5.90220999e+02 -6.33590938e+29
5.90224294e+02 9.32274267e+29
5.90227589e+02 1.28459336e+30
5.90230884e+02 -1.26219923e+29
5.90234180e+02 -3.49231892e+27
5.90237475e+02 2.83721537e+29
5.90240770e+02 8.71535618e+29
5.90244065e+02 -5.91973723e+29
5.90247360e+02 -7.62137882e+29
5.90250655e+02 4.15816310e+29
5.90253950e+02 1.51050706e+30
5.90257245e+02 9.57120778e+28
5.90260540e+02 -1.07875259e+30
5.90263836e+02 -1.04999746e+29
5.90267131e+02 1.45291523e+30
5.90270426e+02 1.19983538e+30
5.90273721e+02 9.19342930e+29
5.90277016e+02 -1.19581697e+30
5.90280311e+02 4.53175671e+29
5.90283606e+02 1.21221793e+30
5.90286901e+02 -1.27870034e+30
5.90290197e+02 5.17733023e+29
5.90293492e+02 -1.74597362e+29
5.90296787e+02 -8.67172989e+29
5.90300082e+02 1.95747575e+30
5.90303377e+02 1.51009692e+30
5.90306672e+02 1.01669172e+30
5.90309967e+02 -8.08954602e+28
5.90313262e+02 -5.27605793e+29
5.90316557e+02 5.57785779e+29
5.90319853e+02 5.96293504e+29
5.90323148e+02 8.06583173e+28
5.90326443e+02 2.42779547e+29
5.90329738e+02 5.81856773e+29
5.90333033e+02 -1.49321349e+29
5.90336328e+02 1.20294051e+29
5.90339623e+02 9.83766849e+28
5.90342918e+02 -1.03918936e+30
5.90346214e+02 1.32338251e+30
5.90349509e+02 1.03750678e+30
5.90352804e+02 -2.98798117e+28
5.90356099e+02 -8.79772026e+29
5.90359394e+02 -6.78141339e+29
5.90362689e+02 1.27179326e+30
5.90365984e+02 1.33390657e+29
5.90369279e+02 2.27090878e+29
5.90372574e+02 6.21620298e+29
5.90375870e+02 4.03532751e+29
5.90379165e+02 5.99304281e+29
5.90382460e+02 -2.06641163e+29
5.90385755e+02 1.09704140e+30
5.90389050e+02 5.18725390e+29
5.90392345e+02 5.59543260e+29
5.90395640e+02 -5.65561059e+29
5.90398935e+02 7.03463360e+29
5.90402231e+02 -1.79996472e+27
5.90405526e+02 -1.63595382e+29
5.90408821e+02 9.11826373e+29
5.90412116e+02 1.87378788e+30
5.90415411e+02 1.97006200e+29
