# Wavelength Flux(MR)
5.89097364e+02 -1.02717711e+30
5.89100659e+02 -1.17585697e+29
5.89103954e+02 -1.24693375e+30
5.89107249e+02 -8.14582751e+29
5.89110544e+02 1.45904892e+30
5.89113839e+02 -1.06328636e+30
5.89117135e+02 3.32677655e+29
5.89120430e+02 -8.59068327e+29
5.89123725e+02 1.75658898e+30
5.89127020e+02 2.07151617e+29
5.89130315e+02 -3.39662984e+29
5.89133610e+02 -1.97087266e+29
5.89136905e+02 9.42773026e+29
5.89140200e+02 -1.77772871e+30
5.89143496e+02 -4.68263980e+29
5.89146791e+02 -8.10938776e+29
5.89150086e+02 1.76216834e+30
5.89153381e+02 1.50397116e+28
5.89156676e+02 -2.17208550e+30
5.89159971e+02 2.92319432e+29
5.89163266e+02 -1.29712113e+30
5.89166561e+02 -6.17379214e+29
5.89169856e+02 -6.19828190e+29
5.89173152e+02 -3.84994940e+29
5.89176447e+02 -5.12987685e+29
5.89179742e+02 -8.11972643e+29
5.89183037e+02 5.71265103e+29
5.89186332e+02 -1.02289327e+28
5.89189627e+02 -6.54338172e+29
5.89192922e+02 -5.07361035e+29
5.89196217e+02 7.39452910e+29
5.89199513e+02 4.96618379e+29
5.89202808e+02 -4.31776371e+29
5.89206103e+02 5.12315721e+29
5.89209398e+02 1.40325427e+30
5.89212693e+02 -1.83637265e+29
5.89215988e+02 -2.04228623e+29
5.89219283e+02 1.04718844e+30
5.89222578e+02 -2.79488509e+29
5.89225873e+02 1.92611036e+30
5.89229169e+02 -4.63363489e+29
5.89232464e+02 -5.84089864e+29
5.89235759e+02 1.03256104e+30
5.89239054e+02 -2.36745869e+29
5.89242349e+02 -1.61500132e+30
5.89245644e+02 -1.31027182e+30
5.89248939e+02 1.05013790e+30
5.89252234e+02 1.88317338e+30
5.89255530e+02 3.23442184e+28
5.89258825e+02 -1.12439179e+30
5.89262120e+02 3.53368896e+29
5.89265415e+02 6.90355359e+29
5.89268710e+02 -9.18422399e+27
5.89272005e+02 -5.09562622e+29
5.89275300e+02 -7.30867734e+28
5.89278595e+02 3.90620994e+28
5.89281890e+02 -9.24566275e+29
5.89285186e+02 -2.96456138e+29
5.89288481e+02 1.01187106e+30
5.89291776e+02 -1.39748856e+30
5.89295071e+02 -5.34152767e+29
5.89298366e+02 1.64967819e+29
5.89301661e+02 2.61815033e+30
5.89304956e+02 -2.14078041e+29
5.89308251e+02 4.39292868e+29
5.89311547e+02 -1.73174890e+30
5.89314842e+02 -1.54121795e+30
5.89318137e+02 -5.98603904e+29
5.89321432e+02 2.44140750e+28
5.89324727e+02 -6.09116433e+29
5.89328022e+02 6.05837723e+29
5.89331317e+02 -1.11106541e+29
5.89334612e+02 9.63431561e+29
5.89337907e+02 9.63791371e+29
5.89341203e+02 -1.14823287e+30
5.89344498e+02 1.09028008e+29
5.89347793e+02 3.10019608e+29
5.89351088e+02 2.70030066e+29
5.89354383e+02 5.07859235e+29
5.89357678e+02 7.16827382e+29
5.89360973e+02 -9.98379551e+28
5.89364268e+02 9.93005234e+29
5.89367564e+02 -7.52241354e+29
5.89370859e+02 7.97648355e+29
5.89374154e+02 9.29369055e+29
5.89377449e+02 -2.06749315e+29
5.89380744e+02 8.06111945e+29
5.89384039e+02 -8.48234577e+29
5.89387334e+02 5.33323114e+28
5.89390629e+02 -7.80152285e+29
5.89393924e+02 -8.50587408e+29
5.89397220e+02 6.26722455e+29
5.89400515e+02 4.36995820e+28
5.89403810e+02 -5.49883755e+29
5.89407105e+02 -1.98126583e+29
5.89410400e+02 1.24787424e+30
5.89413695e+02 1.39814399e+30
5.89416990e+02 -7.01377817e+29
5.89420285e+02 -5.55903447e+29
5.89423581e+02 -1.00314937e+30
5.89426876e+02 -1.14469383e+29
5.89430171e+02 1.20217026e+30
5.89433466e+02 -1.53402017e+30
5.89436761e+02 -7.93307981e+29
5.89440056e+02 -3.06426668e+29
5.89443351e+02 1.14984083e+30
5.89446646e+02 -1.65523447e+29
5.89449941e+02 -7.29701835e+29
5.89453237e+02 4.09272465e+29
5.89456532e+02 2.00327010e+29
5.89459827e+02 -6.35400472e+28
5.89463122e+02 3.53137887e+29
5.89466417e+02 -4.08460706e+29
5.89469712e+02 4.06427037e+29
5.89473007e+02 -3.93985256e+29
5.89476302e+02 -5.19490680e+29
5.89479598e+02 7.67262673e+29
5.89482893e+02 1.39477633e+30
5.89486188e+02 5.25387145e+29
5.89489483e+02 -5.50904337e+29
5.89492778e+02 1.13010150e+30
5.89496073e+02 1.22456949e+30
5.89499368e+02 -2.42715139e+30
5.89502663e+02 -4.13143613e+29
5.89505959e+02 9.69610506e+29
5.89509254e+02 6.50876758e+28
5.89512549e+02 1.65483451e+30
5.89515844e+02 -4.09599496e+29
5.89519139e+02 8.63111373e+27
5.89522434e+02 -3.53778308e+29
5.89525729e+02 -3.09291343e+29
5.89529024e+02 2.07141912e+29
5.89532319e+02 1.28953142e+30
5.89535615e+02 -1.43248556e+28
5.89538910e+02 -8.70507277e+29
5.89542205e+02 -1.03423058e+30
5.89545500e+02 -9.70373981e+29
5.89548795e+02 8.20845028e+29
5.89552090e+02 3.85277002e+29
5.89555385e+02 -3.76513179e+29
5.89558680e+02 -5.89325322e+29
5.89561976e+02 -8.59811512e+29
5.89565271e+02 -1.94982896e+29
5.89568566e+02 -4.82026472e+29
5.89571861e+02 -6.29455398e+28
5.89575156e+02 -8.85419572e+29
5.89578451e+02 2.49376296e+29
5.89581746e+02 1.39498274e+28
5.89585041e+02 -3.07719944e+29
5.89588336e+02 1.05447803e+30
5.89591632e+02 9.97772663e+29
5.89594927e+02 -1.33185407e+30
5.89598222e+02 3.67119525e+29
5.89601517e+02 1.24268652e+30
5.89604812e+02 7.21798327e+29
5.89608107e+02 4.33340520e+29
5.89611402e+02 7.35813175e+28
5.89614697e+02 2.58374645e+29
5.89617993e+02 2.30531075e+27
5.89621288e+02 -3.82989391e+29
5.89624583e+02 -1.49316284e+29
5.89627878e+02 -1.36126913e+30
5.89631173e+02 2.89457329e+28
5.89634468e+02 -5.95834555e+29
5.89637763e+02 -5.03724680e+29
5.89641058e+02 5.66871118e+29
5.89644353e+02 5.20242012e+29
5.89647649e+02 -1.12717153e+30
5.89650944e+02 2.72479189e+29
5.89654239e+02 5.72556066e+29
5.89657534e+02 -5.47247149e+29
5.89660829e+02 4.30157790e+29
5.89664124e+02 1.77975761e+29
5.89667419e+02 1.20336920e+29
5.89670714e+02 6.96659917e+29
5.89674010e+02 -6.05666644e+29
5.89677305e+02 9.91907355e+28
5.89680600e+02 1.50855569e+30
5.89683895e+02 -4.26122709e+29
5.89687190e+02 -9.29212901e+29
5.89690485e+02 4.48654886e+29
5.89693780e+02 6.27728957e+29
5.89697075e+02 9.06788408e+29
5.89700370e+02 5.83855962e+29
5.89703666e+02 -8.18892159e+29
5.89706961e+02 -7.16965776e+29
5.89710256e+02 7.68944522e+29
5.89713551e+02 -1.16680547e+30
5.89716846e+02 5.95529014e+28
5.89720141e+02 2.84925504e+29
5.89723436e+02 1.70983006e+29
5.89726731e+02 1.99723162e+29
5.89730027e+02 2.46614686e+29
5.89733322e+02 1.60064534e+30
5.89736617e+02 2.87201499e+29
5.89739912e+02 5.55625964e+29
5.89743207e+02 9.71188328e+29
5.89746502e+02 1.12008992e+30
5.89749797e+02 -9.84527114e+28
5.89753092e+02 -1.32050371e+30
5.89756387e+02 -4.36325483e+29
5.89759683e+02 -1.99709691e+30
5.89762978e+02 2.00937195e+29
5.89766273e+02 8.64611857e+29
5.89769568e+02 -5.06715739e+28
5.89772863e+02 -3.28848424e+29
5.89776158e+02 9.07325299e+29
5.89779453e+02 -1.28320022e+30
5.89782748e+02 1.34355266e+30
5.89786044e+02 -1.21145194e+30
5.89789339e+02 6.41509827e+29
5.89792634e+02 7.88099853e+29
5.89795929e+02 2.17676307e+29
5.89799224e+02 -1.93392521e+30
5.89802519e+02 -9.76569977e+29
5.89805814e+02 -1.10190780e+30
5.89809109e+02 2.90066041e+29
5.89812404e+02 -1.50533146e+30
5.89815700e+02 -5.04997646e+29
5.89818995e+02 7.85730544e+28
5.89822290e+02 -7.16217339e+29
5.89825585e+02 6.31127833e+29
5.89828880e+02 1.70879601e+29
5.89832175e+02 -5.73228923e+29
5.89835470e+02 1.62083738e+30
5.89838765e+02 -5.62821499e+29
5.89842061e+02 -8.09688618e+29
5.89845356e+02 -9.88063003e+29
5.89848651e+02 1.35459793e+30
5.89851946e+02 2.96393510e+29
5.89855241e+02 1.61468955e+29
5.89858536e+02 -5.04805789e+29
5.89861831e+02 -1.40324090e+30
5.89865126e+02 -3.70211286e+29
5.89868421e+02 1.51576751e+30
5.89871717e+02 1.09100859e+29
5.89875012e+02 1.09585923e+30
5.89878307e+02 9.29842695e+29
5.89881602e+02 2.47646799e+28
5.89884897e+02 -1.39775200e+29
5.89888192e+02 9.66633742e+29
5.89891487e+02 7.41012024e+29
5.89894782e+02 -1.25240858e+29
5.89898078e+02 -4.49365589e+29
5.89901373e+02 -2.14515376e+29
5.89904668e+02 6.79208529e+29
5.89907963e+02 -4.37211774e+29
5.89911258e+02 3.14746113e+29
5.89914553e+02 1.20551271e+29
5.89917848e+02 4.22670561e+29
5.89921143e+02 4.77569523e+28
5.89924438e+02 1.83178121e+29
5.89927734e+02 -1.60364669e+30
5.89931029e+02 -5.30683657e+29
5.89934324e+02 -1.06759160e+30
5.89937619e+02 -1.09981725e+30
5.89940914e+02 -9.40532479e+29
5.89944209e+02 6.01585037e+29
5.89947504e+02 2.19498585e+30
5.89950799e+02 1.40172127e+30
5.89954095e+02 -8.92649877e+29
5.89957390e+02 -2.96799855e+29
5.89960685e+02 -2.34168044e+29
5.89963980e+02 6.22306440e+29
5.89967275e+02 1.34708355e+30
5.89970570e+02 -3.30625759e+29
5.89973865e+02 -5.02912479e+28
5.89977160e+02 -1.14809158e+30
5.89980455e+02 1.83329006e+29
5.89983751e+02 9.19927736e+29
5.89987046e+02 1.29010426e+29
5.89990341e+02 -1.48785970e+29
5.89993636e+02 3.21836373e+29
5.89996931e+02 -8.57071434e+29
5.90000226e+02 9.30341059e+28
5.90003521e+02 1.71714045e+30
5.90006816e+02 6.97910651e+28
5.90010112e+02 1.01506600e+30
5.90013407e+02 -5.10937904e+29
5.90016702e+02 -9.41345618e+29
5.90019997e+02 -2.07976318e+30
5.90023292e+02 -1.44360497e+30
5.90026587e+02 1.95825605e+29
5.90029882e+02 6.71828736e+29
5.90033177e+02 7.24305408e+28
5.90036472e+02 -5.85058238e+29
5.90039768e+02 1.29070098e+30
5.90043063e+02 5.04787248e+29
5.90046358e+02 5.54668525e+28
5.90049653e+02 -4.64694338e+29
5.90052948e+02 6.56476432e+29
5.90056243e+02 -5.24033162e+29
5.90059538e+02 -4.67829675e+28
5.90062833e+02 -1.03430623e+30
5.90066129e+02 -7.39774557e+29
5.90069424e+02 -1.35996653e+30
5.90072719e+02 8.59615468e+27
5.90076014e+02 5.98779896e+29
5.90079309e+02 1.15129298e+29
5.90082604e+02 4.83141550e+29
5.90085899e+02 1.37744871e+30
5.90089194e+02 -6.09153208e+29
5.90092489e+02 7.32289496e+29
5.90095785e+02 -8.44791418e+29
5.90099080e+02 -3.36996954e+29
5.90102375e+02 -5.14332189e+29
5.90105670e+02 -8.47315582e+29
5.90108965e+02 8.88879202e+29
5.90112260e+02 1.34976775e+30
5.90115555e+02 1.26013916e+30
5.90118850e+02 2.12348416e+29
5.90122146e+02 -4.54432680e+29
5.90125441e+02 1.78031869e+30
5.90128736e+02 1.17503116e+29
5.90132031e+02 -5.26465735e+29
5.90135326e+02 4.63342975e+29
5.90138621e+02 -1.17604806e+30
5.90141916e+02 -5.59375257e+29
5.90145211e+02 1.37573158e+30
5.90148506e+02 3.86250971e+29
5.90151802e+02 -1.75542037e+30
5.90155097e+02 1.38470620e+30
5.90158392e+02 3.81669329e+29
5.90161687e+02 -4.02703725e+29
5.90164982e+02 1.51784155e+30
5.90168277e+02 9.58426588e+29
5.90171572e+02 -6.58346533e+29
5.90174867e+02 -1.58355684e+30
5.90178163e+02 3.52726933e+28
5.90181458e+02 -8.28281419e+29
5.90184753e+02 1.33314535e+30
5.90188048e+02 5.69275864e+29
5.90191343e+02 -1.29980142e+30
5.90194638e+02 -2.13157524e+29
5.90197933e+02 -5.87392205e+29
5.90201228e+02 -4.21148903e+29
5.90204523e+02 -1.02390361e+30
5.90207819e+02 8.87110855e+29
5.90211114e+02 5.61679149e+29
5.90214409e+02 1.21467865e+30
5.90217704e+02 2.19534087e+29
5.90220999e+02 6.99199864e+29
5.90224294e+02 4.02969613e+29
5.90227589e+02 3.56573919e+29
5.90230884e+02 1.48235298e+30
5.90234180e+02 7.68365726e+28
5.90237475e+02 -2.71489511e+29
5.90240770e+02 -9.93141971e+29
5.90244065e+02 -1.03368677e+30
5.90247360e+02 -6.87368075e+28
5.90250655e+02 -1.27807809e+29
5.90253950e+02 1.10106178e+30
5.90257245e+02 5.26347338e+29
5.90260540e+02 1.28691614e+30
5.90263836e+02 -3.52925850e+29
5.90267131e+02 -2.16639919e+30
5.90270426e+02 -8.21525392e+28
5.90273721e+02 -4.25736090e+28
5.90277016e+02 -1.38997620e+29
5.90280311e+02 3.09494681e+29
5.90283606e+02 -4.16240348e+29
5.90286901e+02 -3.89760543e+29
5.90290197e+02 1.04612307e+30
5.90293492e+02 4.59338720e+28
5.90296787e+02 4.85296925e+29
5.90300082e+02 4.62550172e+29
5.90303377e+02 -4.38131450e+29
5.90306672e+02 5.08416423e+28
5.90309967e+02 1.18786125e+30
5.90313262e+02 1.83709643e+29
5.90316557e+02 6.95736102e+29
5.90319853e+02 -2.70242678e+29
5.90323148e+02 -4.17147943e+29
5.90326443e+02 3.85426616e+29
5.90329738e+02 3.36094248e+29
5.90333033e+02 7.74912045e+29
5.90336328e+02 -2.49925322e+29
5.90339623e+02 -5.81177750e+29
5.90342918e+02 5.22848710e+29
5.90346214e+02 6.63604301e+29
5.90349509e+02 -3.60579797e+29
5.90352804e+02 5.70612235e+29
5.90356099e+02 -4.74101961e+29
5.90359394e+02 -2.20043185e+29
5.90362689e+02 -1.92799729e+30
5.90365984e+02 -2.10182660e+29
5.90369279e+02 9.11839278e+29
5.90372574e+02 8.81159085e+29
5.90375870e+02 -2.37645022e+29
5.90379165e+02 -4.53856086e+29
5.90382460e+02 6.56877528e+28
5.90385755e+02 -1.68134798e+30
5.90389050e+02 -4.35646841e+28
5.90392345e+02 -1.16350511e+29
5.90395640e+02 -5.87919976e+29
5.90398935e+02 -6.96880100e+29
5.90402231e+02 -3.56384096e+29
5.90405526e+02 -5.00995938e+29
5.90408821e+02 1.16745144e+30
5.90412116e+02 4.72620526e+29
5.90415411e+02 -1.11125826e+30
