Wavelength(nm) Intensity
5.89097364e+02 -7.12166899e+01
5.89100659e+02 2.45256807e+01
5.89103954e+02 2.56400676e+02
5.89107249e+02 -1.22590312e+02
5.89110544e+02 7.18850117e+01
5.89113839e+02 -9.45813323e+01
5.89117135e+02 -1.57606535e+01
5.89120430e+02 -6.91630322e+01
5.89123725e+02 -9.75197061e+01
5.89127020e+02 1.26399419e+02
5.89130315e+02 1.18447345e+02
5.89133610e+02 4.51721694e+01
5.89136905e+02 -2.25652883e+01
5.89140200e+02 -2.49668758e+01
5.89143496e+02 1.52471829e+02
5.89146791e+02 2.13180103e+02
5.89150086e+02 4.45090839e+01
5.89153381e+02 -3.79320113e+01
5.89156676e+02 -4.57289661e+01
5.89159971e+02 -4.77779672e+01
5.89163266e+02 2.70397955e+01
5.89166561e+02 -5.34623718e+01
5.89169856e+02 -4.53718760e+01
5.89173152e+02 9.47404193e+01
5.89176447e+02 2.45410095e+02
5.89179742e+02 2.60184367e+02
5.89183037e+02 -4.94092707e+01
5.89186332e+02 -1.11814315e+02
5.89189627e+02 4.50219049e+02
5.89192922e+02 1.58609995e+02
5.89196217e+02 -1.45757971e+02
5.89199513e+02 -2.79169230e+01
5.89202808e+02 -1.94596550e+01
5.89206103e+02 -2.69144440e+01
5.89209398e+02 4.20999607e+01
5.89212693e+02 2.04274601e+02
5.89215988e+02 6.89366890e+01
5.89219283e+02 -1.84879316e+02
5.89222578e+02 -3.68067134e+02
5.89225873e+02 1.75575259e+02
5.89229169e+02 -4.12864280e+00
5.89232464e+02 3.36730122e+01
5.89235759e+02 8.68974426e+01
5.89239054e+02 2.32100164e+02
5.89242349e+02 5.58570673e+00
5.89245644e+02 -1.91265142e+01
5.89248939e+02 -1.70213374e+02
5.89252234e+02 -2.63888050e+02
5.89255530e+02 -3.34070476e+02
5.89258825e+02 -1.87556382e+02
5.89262120e+02 1.25373782e+02
5.89265415e+02 -1.65759945e+01
5.89268710e+02 7.29753008e+01
5.89272005e+02 9.30701810e+01
5.89275300e+02 6.47168821e+01
5.89278595e+02 2.03611416e+02
5.89281890e+02 -1.06076006e+01
5.89285186e+02 -3.12134770e+01
5.89288481e+02 5.27770211e+01
5.89291776e+02 3.84879275e+02
5.89295071e+02 2.23929220e+02
5.89298366e+02 -2.44105715e+00
5.89301661e+02 1.64313546e+02
5.89304956e+02 3.28998084e+02
5.89308251e+02 1.97201491e+02
5.89311547e+02 1.06557130e+01
5.89314842e+02 -7.94304733e+01
5.89318137e+02 -1.42649653e+02
5.89321432e+02 3.26387673e+02
5.89324727e+02 1.60739278e+02
5.89328022e+02 4.80120221e+01
5.89331317e+02 2.52745614e+02
5.89334612e+02 1.09194848e+02
5.89337907e+02 -4.32589231e+01
5.89341203e+02 1.76922812e+02
5.89344498e+02 1.38484145e+02
5.89347793e+02 -2.00545520e+02
5.89351088e+02 -1.19559742e+01
5.89354383e+02 1.12863568e+02
5.89357678e+02 -3.81408576e+00
5.89360973e+02 3.58300708e+02
5.89364268e+02 -2.96479333e+01
5.89367564e+02 3.04347595e+02
5.89370859e+02 1.37317113e+02
5.89374154e+02 -9.54557075e+01
5.89377449e+02 8.54522434e+01
5.89380744e+02 6.84530729e+01
5.89384039e+02 -1.14761162e+02
5.89387334e+02 -4.85071593e+01
5.89390629e+02 1.40400562e+02
5.89393924e+02 -2.80787847e+02
5.89397220e+02 -3.87736041e+01
5.89400515e+02 5.02827798e+00
5.89403810e+02 -1.72845423e+02
5.89407105e+02 1.42273859e+02
5.89410400e+02 -2.53756062e+00
5.89413695e+02 -1.53602501e+02
5.89416990e+02 1.50556101e+01
5.89420285e+02 -3.00908195e+02
5.89423581e+02 1.51744138e+02
5.89426876e+02 2.68770318e+02
5.89430171e+02 -2.32349800e+01
5.89433466e+02 2.42441729e+01
5.89436761e+02 1.06126585e+02
5.89440056e+02 7.91190033e+01
5.89443351e+02 7.89208800e+01
5.89446646e+02 4.10982578e+02
5.89449941e+02 1.78888410e+01
5.89453237e+02 6.01091251e+01
5.89456532e+02 -9.76253035e+01
5.89459827e+02 -2.22752194e+02
5.89463122e+02 -1.43322834e+01
5.89466417e+02 5.25912069e+01
5.89469712e+02 1.55208406e+01
5.89473007e+02 8.25888920e+01
5.89476302e+02 -2.07817054e+02
5.89479598e+02 -7.03995106e+01
5.89482893e+02 9.34777002e+01
5.89486188e+02 -5.81003551e+01
5.89489483e+02 -2.83782598e+01
5.89492778e+02 3.51163600e+01
5.89496073e+02 1.55417104e+02
5.89499368e+02 -5.71417180e+01
5.89502663e+02 1.86787748e+02
5.89505959e+02 2.44781701e+02
5.89509254e+02 2.81941199e+02
5.89512549e+02 -5.42199041e+00
5.89515844e+02 -3.91539226e+02
5.89519139e+02 -4.06173310e+01
5.89522434e+02 1.44833786e+02
5.89525729e+02 5.09375235e+01
5.89529024e+02 -5.93100600e+01
5.89532319e+02 3.05829750e+01
5.89535615e+02 -2.18784630e+02
5.89538910e+02 -8.91871150e+01
5.89542205e+02 8.23230234e+01
5.89545500e+02 1.37044053e+02
5.89548795e+02 -8.70192691e+01
5.89552090e+02 2.63482034e+02
5.89555385e+02 1.13508424e+02
5.89558680e+02 -1.74600459e+02
5.89561976e+02 -2.82934956e+02
5.89565271e+02 3.51996521e+00
5.89568566e+02 5.03251775e+01
5.89571861e+02 -1.39412744e+02
5.89575156e+02 -9.19297427e+01
5.89578451e+02 -8.77488270e+00
5.89581746e+02 8.06968150e+00
5.89585041e+02 8.69384882e+01
5.89588336e+02 -6.31984860e+01
5.89591632e+02 -1.61145315e+02
5.89594927e+02 8.16566983e+01
5.89598222e+02 3.05396404e+01
5.89601517e+02 3.90988024e+01
5.89604812e+02 1.73806568e+02
5.89608107e+02 1.82282935e+02
5.89611402e+02 -5.37471391e+01
5.89614697e+02 -2.99114024e+01
5.89617993e+02 1.09047071e+02
5.89621288e+02 1.11455470e+02
5.89624583e+02 1.33347705e+02
5.89627878e+02 -8.61633735e+01
5.89631173e+02 -2.48956256e+01
5.89634468e+02 5.47595097e+01
5.89637763e+02 1.89083458e+02
5.89641058e+02 -3.02155189e+01
5.89644353e+02 -3.75700816e+01
5.89647649e+02 2.68805360e+01
5.89650944e+02 9.18781650e+01
5.89654239e+02 1.25618218e+02
5.89657534e+02 -3.15977429e+01
5.89660829e+02 1.79127761e+02
5.89664124e+02 3.30413240e+02
5.89667419e+02 6.43783202e+01
5.89670714e+02 -1.62951118e+02
5.89674010e+02 -2.23985178e+02
5.89677305e+02 4.86724173e+01
5.89680600e+02 6.19467371e+01
5.89683895e+02 -4.38893789e+01
5.89687190e+02 5.31485480e+01
5.89690485e+02 7.85721566e+01
5.89693780e+02 -8.47811677e+01
5.89697075e+02 1.24956250e+02
5.89700370e+02 1.13511969e+02
5.89703666e+02 -1.84629153e+01
5.89706961e+02 -2.12841615e+02
5.89710256e+02 -1.40814984e+02
5.89713551e+02 -1.34696088e+02
5.89716846e+02 3.26759306e+01
5.89720141e+02 -1.37107252e+02
5.89723436e+02 -2.05894742e+01
5.89726731e+02 2.52061619e+02
5.89730027e+02 7.99857730e+01
5.89733322e+02 1.10149469e+01
5.89736617e+02 -2.31098616e+02
5.89739912e+02 -1.07345249e+02
5.89743207e+02 2.01349282e+02
5.89746502e+02 2.64171810e+02
5.89749797e+02 -1.31418592e+02
5.89753092e+02 2.90734720e+02
5.89756387e+02 2.10067731e+02
5.89759683e+02 -1.68577096e+02
5.89762978e+02 6.72039880e+01
5.89766273e+02 1.59736370e+02
5.89769568e+02 2.47064693e+02
5.89772863e+02 6.41292050e+01
5.89776158e+02 -1.52161750e+01
5.89779453e+02 -1.19783030e+03
5.89782748e+02 -2.79656792e+03
5.89786044e+02 -7.04596623e+02
5.89789339e+02 -1.62608485e+02
5.89792634e+02 6.04514306e+01
5.89795929e+02 9.84737581e+01
5.89799224e+02 8.92379695e+01
5.89802519e+02 -3.40093044e+01
5.89805814e+02 -9.43184485e+01
5.89809109e+02 -7.90534812e+00
5.89812404e+02 -1.23586366e+01
5.89815700e+02 2.27758107e+02
5.89818995e+02 -3.34840328e+01
5.89822290e+02 -6.37563170e+01
5.89825585e+02 -3.02998457e+00
5.89828880e+02 1.29052712e+02
5.89832175e+02 6.46959284e+01
5.89835470e+02 5.09649386e+01
5.89838765e+02 -1.24099448e+02
5.89842061e+02 5.48652209e+01
5.89845356e+02 1.81493344e+02
5.89848651e+02 3.01189312e+02
5.89851946e+02 3.47216918e+02
5.89855241e+02 -1.02580113e+02
5.89858536e+02 -3.65218555e+01
5.89861831e+02 -6.38208367e+01
5.89865126e+02 6.66490767e+01
5.89868421e+02 6.82809589e-01
5.89871717e+02 -4.31241039e+01
5.89875012e+02 2.20471289e+02
5.89878307e+02 1.90235450e+02
5.89881602e+02 -2.47710320e+02
5.89884897e+02 -5.32325153e+01
5.89888192e+02 2.84077057e+02
5.89891487e+02 -1.07321784e+02
5.89894782e+02 -1.76137432e+02
5.89898078e+02 1.07616449e+02
5.89901373e+02 2.18743206e+01
5.89904668e+02 -5.11147545e+01
5.89907963e+02 -5.79279391e+01
5.89911258e+02 -1.89777374e+02
5.89914553e+02 -1.88005525e+01
5.89917848e+02 6.74122886e+01
5.89921143e+02 6.34620178e+01
5.89924438e+02 1.45255533e+02
5.89927734e+02 6.90711787e+01
5.89931029e+02 1.23189297e+02
5.89934324e+02 -4.21107477e+01
5.89937619e+02 -4.23643323e+01
5.89940914e+02 -1.05777119e+01
5.89944209e+02 -8.17925879e+01
5.89947504e+02 7.86751560e+01
5.89950799e+02 4.57742788e+01
5.89954095e+02 -2.74564926e+00
5.89957390e+02 -1.67103236e+02
5.89960685e+02 5.74683051e+01
5.89963980e+02 -1.62533331e+02
5.89967275e+02 9.77205551e+01
5.89970570e+02 1.28078189e+02
5.89973865e+02 -9.00235407e+00
5.89977160e+02 3.20166153e+02
5.89980455e+02 -6.09086200e+01
5.89983751e+02 -1.21195120e+02
5.89987046e+02 2.62013095e+02
5.89990341e+02 -1.41130293e+02
5.89993636e+02 9.17220693e+01
5.89996931e+02 4.61160519e+01
5.90000226e+02 -6.98071465e+01
5.90003521e+02 -1.25901559e+02
5.90006816e+02 2.39680187e+02
5.90010112e+02 4.61224139e+01
5.90013407e+02 -1.35206457e+02
5.90016702e+02 2.32051571e+02
5.90019997e+02 8.04370766e+01
5.90023292e+02 -3.55454395e+01
5.90026587e+02 7.40746663e+01
5.90029882e+02 1.96200589e+02
5.90033177e+02 -6.73460991e+01
5.90036472e+02 -1.10957155e+02
5.90039768e+02 8.89009413e+01
5.90043063e+02 2.07395478e+02
5.90046358e+02 -1.13635421e+01
5.90049653e+02 9.20062765e+01
5.90052948e+02 -7.50004200e+01
5.90056243e+02 1.31150469e+02
5.90059538e+02 -1.66025529e+02
5.90062833e+02 -2.70943829e+02
5.90066129e+02 5.78427137e+01
5.90069424e+02 2.14151698e+01
5.90072719e+02 -1.29391124e+02
5.90076014e+02 7.80205302e+01
5.90079309e+02 1.69947098e+02
5.90082604e+02 -1.38311850e+02
5.90085899e+02 1.04704917e+02
5.90089194e+02 1.81331393e+02
5.90092489e+02 5.23895254e+01
5.90095785e+02 -1.90019454e+02
5.90099080e+02 2.45523320e+00
5.90102375e+02 2.70047170e+01
5.90105670e+02 -1.29198457e+02
5.90108965e+02 1.45249233e+02
5.90112260e+02 3.07718136e+02
5.90115555e+02 -7.04900939e+01
5.90118850e+02 1.25001992e+02
5.90122146e+02 -6.17217134e+01
5.90125441e+02 -7.24657749e+01
5.90128736e+02 6.93880277e+00
5.90132031e+02 -3.75321493e+01
5.90135326e+02 5.58072503e+00
5.90138621e+02 -2.06804959e+01
5.90141916e+02 6.18692136e+01
5.90145211e+02 1.93755897e+01
5.90148506e+02 -5.79631309e+00
5.90151802e+02 3.03471801e+01
5.90155097e+02 5.99129155e+01
5.90158392e+02 -5.70465173e+01
5.90161687e+02 -3.40852493e+01
5.90164982e+02 -1.20665272e+02
5.90168277e+02 1.05693998e+01
5.90171572e+02 1.00420839e+02
5.90174867e+02 -3.36235952e+01
5.90178163e+02 1.45106701e+01
5.90181458e+02 1.11301247e+01
5.90184753e+02 -1.47932620e+01
5.90188048e+02 2.13754338e+02
5.90191343e+02 1.40327737e+02
5.90194638e+02 -4.40425620e+01
5.90197933e+02 3.08973814e+01
5.90201228e+02 1.25271730e+02
5.90204523e+02 -1.26296151e+00
5.90207819e+02 -2.87111703e+02
5.90211114e+02 3.04050689e+02
5.90214409e+02 -3.49969300e+01
5.90217704e+02 -1.60972081e+01
5.90220999e+02 -2.04862086e+01
5.90224294e+02 1.47863357e+02
5.90227589e+02 -2.09652285e+02
5.90230884e+02 -8.28915119e+01
5.90234180e+02 1.96887361e+02
5.90237475e+02 -1.91208686e+01
5.90240770e+02 1.40333407e+02
5.90244065e+02 -2.23058697e+02
5.90247360e+02 -1.14046088e+03
5.90250655e+02 -4.06988101e+02
5.90253950e+02 -1.67711206e+02
5.90257245e+02 3.17244039e+01
5.90260540e+02 -6.13470466e+01
5.90263836e+02 -2.56112099e+01
5.90267131e+02 1.09021885e+02
5.90270426e+02 1.81556557e+02
5.90273721e+02 8.87164472e+01
5.90277016e+02 -3.15640822e+01
5.90280311e+02 -1.16548152e+02
5.90283606e+02 1.27013351e+02
5.90286901e+02 1.61474619e+02
5.90290197e+02 1.57037994e+02
5.90293492e+02 8.90835329e+01
5.90296787e+02 2.68113216e+02
5.90300082e+02 1.31779016e+02
5.90303377e+02 8.82470814e+01
5.90306672e+02 -1.35081428e+01
5.90309967e+02 1.43323905e+01
5.90313262e+02 6.10679347e+01
5.90316557e+02 1.99380754e+02
5.90319853e+02 2.69103158e+01
5.90323148e+02 -2.15930853e+00
5.90326443e+02 1.49808562e+02
5.90329738e+02 -8.48256845e+00
5.90333033e+02 4.72938593e+01
5.90336328e+02 -1.22760228e+02
5.90339623e+02 7.06133114e+01
5.90342918e+02 -6.02820467e+01
5.90346214e+02 5.11640111e+01
5.90349509e+02 -1.58617476e+02
5.90352804e+02 -1.06450085e+00
5.90356099e+02 -4.14053844e+01
5.90359394e+02 -2.43857717e+02
5.90362689e+02 1.42772847e+02
5.90365984e+02 5.03229620e+01
5.90369279e+02 3.51033681e+02
5.90372574e+02 4.33614062e+01
5.90375870e+02 2.43142292e+01
5.90379165e+02 4.56661212e+01
5.90382460e+02 1.36190385e+02
5.90385755e+02 6.39354876e+01
5.90389050e+02 -1.04364566e+02
5.90392345e+02 -2.65335789e+01
5.90395640e+02 9.81524493e+01
5.90398935e+02 -1.31409027e+02
5.90402231e+02 -1.61619136e+02
5.90405526e+02 6.28847593e+01
5.90408821e+02 3.13658988e+01
5.90412116e+02 -9.57233879e+01
5.90415411e+02 1.27936937e+02
