# Wavelength Flux(MR)
5.89097364e+02 -3.90194542e+28
5.89100659e+02 3.29782443e+28
5.89103954e+02 3.95114404e+29
5.89107249e+02 5.80766388e+29
5.89110544e+02 4.74237515e+29
5.89113839e+02 -2.95736923e+29
5.89117135e+02 -3.22792646e+29
5.89120430e+02 1.03051994e+30
5.89123725e+02 -1.24044427e+28
5.89127020e+02 -8.15960915e+28
5.89130315e+02 1.24855019e+29
5.89133610e+02 2.17268298e+28
5.89136905e+02 -1.73824654e+29
5.89140200e+02 -4.73100654e+29
5.89143496e+02 2.44874822e+28
5.89146791e+02 2.36849431e+29
5.89150086e+02 -2.72750989e+29
5.89153381e+02 3.24571291e+27
5.89156676e+02 -1.95756784e+29
5.89159971e+02 -2.17107902e+29
5.89163266e+02 -2.54280525e+29
5.89166561e+02 -5.06729758e+28
5.89169856e+02 2.21057863e+29
5.89173152e+02 -3.22359766e+29
5.89176447e+02 1.92273002e+29
5.89179742e+02 -1.02045132e+29
5.89183037e+02 1.34618774e+29
5.89186332e+02 -1.26525446e+29
5.89189627e+02 -3.94458842e+29
5.89192922e+02 5.98490035e+28
5.89196217e+02 9.00471758e+28
5.89199513e+02 -2.87138898e+29
5.89202808e+02 -4.54505317e+29
5.89206103e+02 4.25850058e+29
5.89209398e+02 -4.67209287e+29
5.89212693e+02 -1.15545620e+29
5.89215988e+02 -2.12363214e+29
5.89219283e+02 -1.78494342e+29
5.89222578e+02 6.32739824e+29
5.89225873e+02 3.05007234e+29
5.89229169e+02 -1.18791938e+29
5.89232464e+02 -7.75477353e+29
5.89235759e+02 6.60984350e+29
5.89239054e+02 4.87581705e+29
5.89242349e+02 4.10132664e+29
5.89245644e+02 2.24843715e+29
5.89248939e+02 3.48789877e+29
5.89252234e+02 6.53921822e+29
5.89255530e+02 -1.42676231e+29
5.89258825e+02 -5.57498787e+29
5.89262120e+02 -2.40222799e+29
5.89265415e+02 -1.63973299e+29
5.89268710e+02 1.99940193e+28
5.89272005e+02 8.99671337e+28
5.89275300e+02 8.59209207e+29
5.89278595e+02 4.29672989e+29
5.89281890e+02 -2.52155431e+29
5.89285186e+02 1.90782424e+29
5.89288481e+02 -4.88063873e+29
5.89291776e+02 -1.46910555e+29
5.89295071e+02 3.68893583e+28
5.89298366e+02 -5.05839566e+29
5.89301661e+02 -3.75596274e+28
5.89304956e+02 5.20429936e+28
5.89308251e+02 -2.30325397e+28
5.89311547e+02 2.62329931e+29
5.89314842e+02 7.41799286e+28
5.89318137e+02 1.17147334e+29
5.89321432e+02 -3.31092604e+28
5.89324727e+02 -1.96477568e+29
5.89328022e+02 3.70944882e+29
5.89331317e+02 2.31329867e+29
5.89334612e+02 -6.06083972e+28
5.89337907e+02 -1.31413474e+29
5.89341203e+02 -2.04774561e+29
5.89344498e+02 -9.99302480e+28
5.89347793e+02 2.62829788e+29
5.89351088e+02 -1.88071682e+29
5.89354383e+02 -3.90267977e+29
5.89357678e+02 3.97383577e+29
5.89360973e+02 2.43819898e+29
5.89364268e+02 2.17141334e+29
5.89367564e+02 -1.54896905e+28
5.89370859e+02 1.01552172e+28
5.89374154e+02 2.78570820e+29
5.89377449e+02 1.59572887e+29
5.89380744e+02 1.64180470e+29
5.89384039e+02 -5.91748077e+29
5.89387334e+02 -8.52911989e+26
5.89390629e+02 6.79307862e+29
5.89393924e+02 -2.05930090e+29
5.89397220e+02 -3.59791322e+29
5.89400515e+02 -4.89241851e+29
5.89403810e+02 2.01340587e+29
5.89407105e+02 6.32996615e+29
5.89410400e+02 -7.32234193e+29
5.89413695e+02 3.33926575e+29
5.89416990e+02 -1.94210379e+29
5.89420285e+02 -1.06397099e+30
5.89423581e+02 -1.16473434e+29
5.89426876e+02 6.97113788e+27
5.89430171e+02 -8.76725646e+28
5.89433466e+02 -3.27257104e+29
5.89436761e+02 8.59749585e+28
5.89440056e+02 -1.21371711e+29
5.89443351e+02 -6.66801160e+28
5.89446646e+02 8.26513438e+28
5.89449941e+02 -2.04858117e+29
5.89453237e+02 -2.04489933e+29
5.89456532e+02 -1.77670336e+29
5.89459827e+02 -7.63777407e+28
5.89463122e+02 -8.16862508e+27
5.89466417e+02 -8.96840756e+28
5.89469712e+02 -2.65292929e+29
5.89473007e+02 -2.83468897e+29
5.89476302e+02 -1.78966103e+29
5.89479598e+02 -9.77097299e+28
5.89482893e+02 3.13730119e+29
5.89486188e+02 2.17034949e+29
5.89489483e+02 3.49415674e+29
5.89492778e+02 -1.38138832e+29
5.89496073e+02 -2.83875469e+29
5.89499368e+02 5.04274356e+29
5.89502663e+02 3.90850246e+29
5.89505959e+02 8.84301390e+29
5.89509254e+02 2.37109847e+29
5.89512549e+02 -4.82696352e+28
5.89515844e+02 -9.95523416e+28
5.89519139e+02 2.20101083e+29
5.89522434e+02 1.68170883e+28
5.89525729e+02 -1.19202514e+28
5.89529024e+02 -5.10625951e+29
5.89532319e+02 -2.04301505e+29
5.89535615e+02 -1.82245583e+29
5.89538910e+02 -4.61470710e+28
5.89542205e+02 -6.14785785e+29
5.89545500e+02 -2.02219217e+29
5.89548795e+02 2.85020787e+29
5.89552090e+02 -1.67970736e+29
5.89555385e+02 2.86320271e+29
5.89558680e+02 -4.62128096e+28
5.89561976e+02 1.31162868e+29
5.89565271e+02 2.40328940e+29
5.89568566e+02 -1.20185365e+29
5.89571861e+02 1.59262884e+29
5.89575156e+02 -2.25964700e+29
5.89578451e+02 -9.34763159e+28
5.89581746e+02 7.80844272e+28
5.89585041e+02 -9.53701533e+28
5.89588336e+02 -6.42584566e+29
5.89591632e+02 6.56753309e+29
5.89594927e+02 2.71571240e+29
5.89598222e+02 -1.78162012e+29
5.89601517e+02 -6.23060534e+29
5.89604812e+02 9.72315892e+28
5.89608107e+02 5.44051990e+29
5.89611402e+02 6.37114866e+29
5.89614697e+02 5.80253689e+28
5.89617993e+02 2.11443285e+29
5.89621288e+02 -4.20651496e+28
5.89624583e+02 5.89876587e+29
5.89627878e+02 -4.11886559e+29
5.89631173e+02 1.52649897e+28
5.89634468e+02 1.13562966e+29
5.89637763e+02 2.16188108e+29
5.89641058e+02 1.42145303e+29
5.89644353e+02 -4.15191268e+29
5.89647649e+02 -3.32142577e+29
5.89650944e+02 5.39381939e+28
5.89654239e+02 -1.14036555e+29
5.89657534e+02 -4.64036270e+29
5.89660829e+02 -5.78566105e+29
5.89664124e+02 4.27002275e+29
5.89667419e+02 -5.40525810e+29
5.89670714e+02 -7.80322641e+29
5.89674010e+02 -2.36736603e+29
5.89677305e+02 -1.22162494e+29
5.89680600e+02 1.74057039e+29
5.89683895e+02 6.01814778e+29
5.89687190e+02 2.30524541e+29
5.89690485e+02 3.86832294e+28
5.89693780e+02 1.21998143e+29
5.89697075e+02 -1.56559983e+28
5.89700370e+02 -2.54905961e+29
5.89703666e+02 -5.90133720e+29
5.89706961e+02 -1.91299198e+29
5.89710256e+02 7.61411766e+29
5.89713551e+02 -5.07382194e+28
5.89716846e+02 -2.06680808e+29
5.89720141e+02 1.25033466e+29
5.89723436e+02 1.68026692e+29
5.89726731e+02 -2.54245285e+28
5.89730027e+02 -5.31622782e+29
5.89733322e+02 -6.59373484e+28
5.89736617e+02 -2.18637241e+29
5.89739912e+02 -1.27768332e+29
5.89743207e+02 -3.26380756e+29
5.89746502e+02 2.65407125e+29
5.89749797e+02 4.62318561e+29
5.89753092e+02 1.32751683e+29
5.89756387e+02 1.03304786e+30
5.89759683e+02 1.14650016e+30
5.89762978e+02 1.06875516e+30
5.89766273e+02 6.96053811e+28
5.89769568e+02 -3.27783837e+29
5.89772863e+02 6.36706208e+28
5.89776158e+02 2.65349383e+29
5.89779453e+02 1.03179638e+29
5.89782748e+02 3.06677122e+29
5.89786044e+02 -4.42941965e+29
5.89789339e+02 -4.84605003e+28
5.89792634e+02 1.41957151e+29
5.89795929e+02 7.81300358e+28
5.89799224e+02 -1.81594044e+29
5.89802519e+02 -4.40751898e+29
5.89805814e+02 2.22927409e+28
5.89809109e+02 5.07421980e+29
5.89812404e+02 2.00567145e+29
5.89815700e+02 5.52357133e+29
5.89818995e+02 3.67675301e+28
5.89822290e+02 -2.24287446e+27
5.89825585e+02 1.71946510e+29
5.89828880e+02 -4.87793368e+28
5.89832175e+02 3.46687687e+29
5.89835470e+02 3.31641538e+26
5.89838765e+02 -1.74587645e+29
5.89842061e+02 5.16770813e+29
5.89845356e+02 -2.43091921e+29
5.89848651e+02 -5.60714982e+29
5.89851946e+02 1.86510608e+29
5.89855241e+02 6.58068448e+29
5.89858536e+02 -1.92530578e+29
5.89861831e+02 3.08438687e+29
5.89865126e+02 5.51835322e+29
5.89868421e+02 3.39553645e+28
5.89871717e+02 2.89242426e+29
5.89875012e+02 3.41337463e+29
5.89878307e+02 -2.58821412e+29
5.89881602e+02 4.30107932e+27
5.89884897e+02 -2.89035726e+29
5.89888192e+02 2.17937057e+29
5.89891487e+02 1.07188617e+29
5.89894782e+02 4.20272606e+28
5.89898078e+02 -7.16599573e+28
5.89901373e+02 -3.12346322e+29
5.89904668e+02 -3.57989031e+27
5.89907963e+02 2.47036791e+29
5.89911258e+02 -3.33484084e+29
5.89914553e+02 2.52326509e+29
5.89917848e+02 7.65016957e+27
5.89921143e+02 1.54772860e+29
5.89924438e+02 3.02312656e+29
5.89927734e+02 1.26684077e+29
5.89931029e+02 3.13393247e+29
5.89934324e+02 -2.25280764e+29
5.89937619e+02 3.42982257e+28
5.89940914e+02 -6.88495913e+28
5.89944209e+02 -3.48127041e+29
5.89947504e+02 -1.24862336e+29
5.89950799e+02 3.70110402e+29
5.89954095e+02 1.92342696e+29
5.89957390e+02 -4.37796574e+29
5.89960685e+02 8.89941171e+27
5.89963980e+02 2.14378663e+29
5.89967275e+02 -7.62131995e+29
5.89970570e+02 -2.69863915e+29
5.89973865e+02 -1.48711758e+29
5.89977160e+02 -4.14615740e+29
5.89980455e+02 -5.36760422e+28
5.89983751e+02 -9.40080099e+28
5.89987046e+02 -3.96725317e+29
5.89990341e+02 -5.93260042e+28
5.89993636e+02 1.95697335e+28
5.89996931e+02 -1.90850821e+29
5.90000226e+02 -1.38943117e+28
5.90003521e+02 -1.80485107e+29
5.90006816e+02 3.75742072e+28
5.90010112e+02 -5.61476845e+28
5.90013407e+02 -2.21097673e+29
5.90016702e+02 -2.09729067e+29
5.90019997e+02 8.27000830e+28
5.90023292e+02 2.69153998e+29
5.90026587e+02 3.10713930e+28
5.90029882e+02 9.63357760e+28
5.90033177e+02 5.59947872e+28
5.90036472e+02 -3.81635321e+29
5.90039768e+02 1.92247713e+29
5.90043063e+02 5.86567466e+29
5.90046358e+02 -3.30966851e+29
5.90049653e+02 -3.03737320e+29
5.90052948e+02 7.39275937e+28
5.90056243e+02 1.72775514e+29
5.90059538e+02 -1.52996216e+29
5.90062833e+02 2.73613081e+28
5.90066129e+02 3.85789912e+29
5.90069424e+02 -2.83389307e+29
5.90072719e+02 3.91683640e+29
5.90076014e+02 9.88418072e+28
5.90079309e+02 -1.36600540e+29
5.90082604e+02 9.67931216e+28
5.90085899e+02 5.92650978e+28
5.90089194e+02 2.89367495e+29
5.90092489e+02 1.05920450e+29
5.90095785e+02 3.59583911e+29
5.90099080e+02 -3.06820531e+29
5.90102375e+02 6.93222885e+28
5.90105670e+02 -1.12423647e+29
5.90108965e+02 -2.67907404e+29
5.90112260e+02 8.30214499e+28
5.90115555e+02 2.78822286e+29
5.90118850e+02 3.15406834e+29
5.90122146e+02 -2.31732984e+29
5.90125441e+02 -5.30724040e+29
5.90128736e+02 -1.77704406e+29
5.90132031e+02 -2.59565191e+29
5.90135326e+02 -8.98812462e+28
5.90138621e+02 -3.91646077e+29
5.90141916e+02 9.80059200e+28
5.90145211e+02 2.96953035e+29
5.90148506e+02 -1.48438058e+28
5.90151802e+02 -9.75937266e+28
5.90155097e+02 2.59532596e+29
5.90158392e+02 -2.64297848e+29
5.90161687e+02 -4.19650036e+29
5.90164982e+02 3.18900525e+29
5.90168277e+02 3.31973422e+29
5.90171572e+02 3.23797115e+29
5.90174867e+02 3.90911683e+29
5.90178163e+02 3.41663758e+29
5.90181458e+02 1.53434692e+29
5.90184753e+02 3.94061101e+29
5.90188048e+02 5.03705725e+29
5.90191343e+02 1.68194420e+28
5.90194638e+02 1.20096311e+29
5.90197933e+02 1.58728151e+29
5.90201228e+02 5.25709303e+28
5.90204523e+02 -1.03326906e+29
5.90207819e+02 -2.40402252e+29
5.90211114e+02 -1.65553838e+29
5.90214409e+02 3.14676549e+28
5.90217704e+02 -2.32575343e+29
5.90220999e+02 -2.85570507e+28
5.90224294e+02 6.48038562e+28
5.90227589e+02 -4.69418197e+27
5.90230884e+02 -1.04011415e+29
5.90234180e+02 -3.28431755e+29
5.90237475e+02 -2.97492120e+28
5.90240770e+02 -2.29634717e+29
5.90244065e+02 2.67564625e+29
5.90247360e+02 2.17211807e+29
5.90250655e+02 1.00000617e+29
5.90253950e+02 2.75681072e+29
5.90257245e+02 -2.40903935e+29
5.90260540e+02 3.26175991e+28
5.90263836e+02 9.14140370e+28
5.90267131e+02 1.06132839e+29
5.90270426e+02 -2.70769095e+29
5.90273721e+02 1.82947719e+29
5.90277016e+02 1.64192669e+29
5.90280311e+02 -2.63474266e+29
5.90283606e+02 -1.09577781e+29
5.90286901e+02 -8.29609146e+28
5.90290197e+02 1.31067263e+29
5.90293492e+02 6.27722082e+27
5.90296787e+02 -2.31683253e+29
5.90300082e+02 5.73220608e+29
5.90303377e+02 -7.71057759e+28
5.90306672e+02 -1.77333064e+29
5.90309967e+02 2.02241634e+29
5.90313262e+02 -4.29309665e+29
5.90316557e+02 8.05688239e+28
5.90319853e+02 4.90314010e+28
5.90323148e+02 7.04825308e+28
5.90326443e+02 -1.54371226e+29
5.90329738e+02 2.86421389e+28
5.90333033e+02 4.04304723e+29
5.90336328e+02 -3.55333988e+27
5.90339623e+02 2.36427718e+29
5.90342918e+02 9.55716037e+28
5.90346214e+02 2.48783712e+29
5.90349509e+02 -6.55379853e+28
5.90352804e+02 -2.65065244e+29
5.90356099e+02 -5.90481504e+27
5.90359394e+02 -2.18203438e+29
5.90362689e+02 -1.46657994e+29
5.90365984e+02 1.43764239e+29
5.90369279e+02 1.10092053e+29
5.90372574e+02 -1.18904084e+29
5.90375870e+02 1.70790169e+29
5.90379165e+02 -3.23609937e+29
5.90382460e+02 9.34723039e+28
5.90385755e+02 3.55614627e+29
5.90389050e+02 8.03192284e+28
5.90392345e+02 -2.78206856e+29
5.90395640e+02 2.57479518e+29
5.90398935e+02 2.31377996e+29
5.90402231e+02 -2.39117609e+29
5.90405526e+02 -3.91000085e+29
5.90408821e+02 -9.38776862e+28
5.90412116e+02 2.49966388e+29
5.90415411e+02 1.93867086e+29
