# Wavelength Flux(MR)
5.89097364e+02 -7.53301864e+29
5.89100659e+02 8.97079413e+28
5.89103954e+02 2.90850779e+29
5.89107249e+02 4.22531614e+29
5.89110544e+02 3.26031406e+29
5.89113839e+02 1.44746784e+29
5.89117135e+02 -6.87199620e+29
5.89120430e+02 -4.71372206e+29
5.89123725e+02 1.62184801e+28
5.89127020e+02 2.51396447e+29
5.89130315e+02 -3.93804743e+28
5.89133610e+02 -2.14879024e+29
5.89136905e+02 -4.99921810e+28
5.89140200e+02 4.56185578e+29
5.89143496e+02 -8.24712077e+27
5.89146791e+02 -9.41353240e+29
5.89150086e+02 -8.33178454e+29
5.89153381e+02 2.16399942e+29
5.89156676e+02 3.09173567e+29
5.89159971e+02 -1.44485263e+29
5.89163266e+02 8.11591398e+29
5.89166561e+02 6.55839870e+29
5.89169856e+02 -8.73344258e+28
5.89173152e+02 9.44248154e+29
5.89176447e+02 2.34283237e+29
5.89179742e+02 4.00939115e+28
5.89183037e+02 -7.58060149e+28
5.89186332e+02 -2.48741705e+29
5.89189627e+02 -1.78905372e+29
5.89192922e+02 -9.14913485e+27
5.89196217e+02 -5.11199629e+29
5.89199513e+02 -3.49859592e+29
5.89202808e+02 -2.70627005e+29
5.89206103e+02 7.88969021e+29
5.89209398e+02 2.39692821e+28
5.89212693e+02 -2.23747572e+29
5.89215988e+02 2.42074518e+29
5.89219283e+02 -2.24356066e+29
5.89222578e+02 -2.50069539e+29
5.89225873e+02 -2.17961062e+29
5.89229169e+02 3.17214448e+29
5.89232464e+02 -9.45950011e+28
5.89235759e+02 9.38102241e+28
5.89239054e+02 2.60848325e+29
5.89242349e+02 -5.40493519e+29
5.89245644e+02 2.48671569e+28
5.89248939e+02 2.18908796e+29
5.89252234e+02 -3.88163095e+29
5.89255530e+02 -1.62716207e+29
5.89258825e+02 -3.63241082e+29
5.89262120e+02 -4.89837352e+29
5.89265415e+02 -9.08173395e+28
5.89268710e+02 -1.25757136e+29
5.89272005e+02 -6.58452354e+28
5.89275300e+02 -1.27880220e+28
5.89278595e+02 3.17731756e+29
5.89281890e+02 3.24100396e+29
5.89285186e+02 6.51527800e+29
5.89288481e+02 -2.57811862e+29
5.89291776e+02 -3.71420390e+29
5.89295071e+02 -2.25264326e+28
5.89298366e+02 6.40353385e+29
5.89301661e+02 1.01703126e+29
5.89304956e+02 3.65804484e+29
5.89308251e+02 6.63100878e+29
5.89311547e+02 3.71096252e+29
5.89314842e+02 5.02188799e+29
5.89318137e+02 4.34065086e+29
5.89321432e+02 -1.03524914e+29
5.89324727e+02 -4.53900350e+29
5.89328022e+02 -3.43133171e+29
5.89331317e+02 -2.92698071e+29
5.89334612e+02 -3.85956689e+29
5.89337907e+02 -5.37431279e+29
5.89341203e+02 -1.76657837e+29
5.89344498e+02 -6.87385313e+28
5.89347793e+02 1.94592092e+29
5.89351088e+02 -3.27237751e+29
5.89354383e+02 1.90279631e+29
5.89357678e+02 1.22349227e+30
5.89360973e+02 -1.96437061e+28
5.89364268e+02 2.28471668e+29
5.89367564e+02 1.43085032e+29
5.89370859e+02 7.78158410e+29
5.89374154e+02 6.07770418e+29
5.89377449e+02 -8.55364625e+28
5.89380744e+02 2.56344928e+29
5.89384039e+02 1.75980444e+29
5.89387334e+02 -6.33279580e+28
5.89390629e+02 -5.65731236e+27
5.89393924e+02 -1.08997778e+29
5.89397220e+02 3.80225449e+29
5.89400515e+02 1.92183493e+29
5.89403810e+02 -2.81621598e+28
5.89407105e+02 1.38166639e+29
5.89410400e+02 -2.75828601e+29
5.89413695e+02 1.14131923e+30
5.89416990e+02 1.17478537e+28
5.89420285e+02 -6.07451299e+29
5.89423581e+02 5.51476223e+29
5.89426876e+02 -9.55921367e+28
5.89430171e+02 -1.94369394e+29
5.89433466e+02 2.24066464e+29
5.89436761e+02 3.46543325e+29
5.89440056e+02 -3.75035832e+28
5.89443351e+02 4.21891178e+29
5.89446646e+02 1.68085102e+29
5.89449941e+02 -3.83005651e+29
5.89453237e+02 3.94494249e+29
5.89456532e+02 -2.73611603e+29
5.89459827e+02 -1.00170011e+29
5.89463122e+02 6.27072365e+28
5.89466417e+02 2.96627759e+29
5.89469712e+02 1.79893819e+29
5.89473007e+02 -5.20875657e+28
5.89476302e+02 3.56496388e+29
5.89479598e+02 4.27453802e+29
5.89482893e+02 -6.09770723e+29
5.89486188e+02 -8.81657525e+28
5.89489483e+02 5.82033817e+28
5.89492778e+02 1.88924064e+29
5.89496073e+02 -1.47700182e+29
5.89499368e+02 -1.91470285e+29
5.89502663e+02 3.82753668e+29
5.89505959e+02 1.06099772e+30
5.89509254e+02 -3.24435597e+29
5.89512549e+02 -6.28808154e+28
5.89515844e+02 3.68298160e+29
5.89519139e+02 -3.36664984e+29
5.89522434e+02 2.79615489e+29
5.89525729e+02 3.83418002e+28
5.89529024e+02 -5.70189327e+29
5.89532319e+02 -5.28857549e+29
5.89535615e+02 -5.97277409e+29
5.89538910e+02 -2.95946446e+29
5.89542205e+02 -6.62971848e+29
5.89545500e+02 -3.02756496e+29
5.89548795e+02 3.50551447e+29
5.89552090e+02 8.18665914e+29
5.89555385e+02 6.44831568e+28
5.89558680e+02 1.69753217e+29
5.89561976e+02 2.54464677e+29
5.89565271e+02 5.42595045e+29
5.89568566e+02 -3.06860445e+29
5.89571861e+02 2.45861736e+29
5.89575156e+02 -2.34531593e+29
5.89578451e+02 6.23838344e+29
5.89581746e+02 -8.31925705e+29
5.89585041e+02 -2.86273875e+29
5.89588336e+02 -1.19661022e+29
5.89591632e+02 -5.95081189e+29
5.89594927e+02 5.16607449e+29
5.89598222e+02 3.81261147e+29
5.89601517e+02 -2.28313264e+29
5.89604812e+02 2.11637238e+29
5.89608107e+02 5.52417283e+29
5.89611402e+02 -9.71131868e+29
5.89614697e+02 -6.76557359e+29
5.89617993e+02 -6.12478968e+29
5.89621288e+02 -1.03782748e+29
5.89624583e+02 5.40457990e+28
5.89627878e+02 -2.63295162e+29
5.89631173e+02 2.51248165e+29
5.89634468e+02 -1.21001728e+28
5.89637763e+02 -3.11972877e+29
5.89641058e+02 -4.57579141e+28
5.89644353e+02 7.05596135e+29
5.89647649e+02 -1.58470310e+29
5.89650944e+02 -3.79220140e+28
5.89654239e+02 -1.41069265e+29
5.89657534e+02 2.96189851e+29
5.89660829e+02 3.23129355e+29
5.89664124e+02 -2.18951684e+29
5.89667419e+02 -1.21009674e+29
5.89670714e+02 3.74417730e+28
5.89674010e+02 -3.85166768e+28
5.89677305e+02 -4.83983564e+29
5.89680600e+02 3.30339107e+27
5.89683895e+02 -3.48155720e+29
5.89687190e+02 2.22601953e+29
5.89690485e+02 1.90860900e+29
5.89693780e+02 7.35451347e+28
5.89697075e+02 1.49404841e+29
5.89700370e+02 1.07242068e+29
5.89703666e+02 9.85331368e+28
5.89706961e+02 1.16762508e+29
5.89710256e+02 -3.05733833e+29
5.89713551e+02 1.47755260e+28
5.89716846e+02 -4.64219091e+29
5.89720141e+02 1.14435816e+29
5.89723436e+02 3.20473166e+29
5.89726731e+02 7.91509550e+29
5.89730027e+02 -6.86517600e+29
5.89733322e+02 -6.35781922e+29
5.89736617e+02 -4.41836133e+28
5.89739912e+02 2.43120157e+29
5.89743207e+02 -3.94798275e+29
5.89746502e+02 -2.34513529e+29
5.89749797e+02 1.48032630e+29
5.89753092e+02 2.71531528e+29
5.89756387e+02 -1.89466248e+29
5.89759683e+02 1.36565688e+28
5.89762978e+02 3.86624899e+29
5.89766273e+02 2.91205342e+29
5.89769568e+02 -1.02032238e+29
5.89772863e+02 3.83762078e+29
5.89776158e+02 1.30548552e+29
5.89779453e+02 -7.30589450e+29
5.89782748e+02 3.40688844e+28
5.89786044e+02 -2.16403155e+29
5.89789339e+02 -1.78933330e+29
5.89792634e+02 -2.14043235e+29
5.89795929e+02 -7.07025887e+28
5.89799224e+02 -5.74960233e+29
5.89802519e+02 4.48206293e+29
5.89805814e+02 3.47217509e+29
5.89809109e+02 1.67327942e+28
5.89812404e+02 -4.77488734e+29
5.89815700e+02 -4.29071169e+28
5.89818995e+02 2.44636782e+29
5.89822290e+02 1.39602298e+29
5.89825585e+02 -9.56426252e+28
5.89828880e+02 1.48865709e+29
5.89832175e+02 2.06447125e+29
5.89835470e+02 -9.69158096e+28
5.89838765e+02 3.10173343e+29
5.89842061e+02 -2.01243166e+28
5.89845356e+02 -1.88157397e+29
5.89848651e+02 4.18465048e+29
5.89851946e+02 4.28171787e+27
5.89855241e+02 -4.36241410e+29
5.89858536e+02 -5.42048425e+28
5.89861831e+02 -4.00500810e+29
5.89865126e+02 -2.64452628e+29
5.89868421e+02 5.74108612e+29
5.89871717e+02 1.17561269e+29
5.89875012e+02 2.68259817e+29
5.89878307e+02 -2.97985318e+28
5.89881602e+02 2.00211862e+29
5.89884897e+02 -9.35196993e+28
5.89888192e+02 -2.63614274e+29
5.89891487e+02 2.48849827e+29
5.89894782e+02 -1.85140709e+29
5.89898078e+02 -5.48936272e+29
5.89901373e+02 -3.56899971e+27
5.89904668e+02 1.16835246e+29
5.89907963e+02 -4.29180643e+29
5.89911258e+02 8.96200139e+28
5.89914553e+02 -2.84575777e+29
5.89917848e+02 -1.00779282e+27
5.89921143e+02 -1.33443714e+29
5.89924438e+02 -6.18493313e+29
5.89927734e+02 3.32817044e+29
5.89931029e+02 -9.49866819e+28
5.89934324e+02 1.52557127e+29
5.89937619e+02 1.38577207e+29
5.89940914e+02 -4.72910336e+29
5.89944209e+02 -3.71268508e+29
5.89947504e+02 -6.48056025e+29
5.89950799e+02 3.04895199e+29
5.89954095e+02 1.92445418e+29
5.89957390e+02 -2.02352234e+29
5.89960685e+02 5.98803234e+28
5.89963980e+02 -3.96902313e+29
5.89967275e+02 -9.59852490e+28
5.89970570e+02 1.89285742e+29
5.89973865e+02 -4.51534362e+29
5.89977160e+02 -2.54387378e+29
5.89980455e+02 8.00367820e+28
5.89983751e+02 1.25506285e+29
5.89987046e+02 7.12151688e+29
5.89990341e+02 -8.40351570e+29
5.89993636e+02 -2.39554325e+29
5.89996931e+02 1.67124736e+28
5.90000226e+02 -3.61801160e+29
5.90003521e+02 -1.76298129e+29
5.90006816e+02 4.90071495e+29
5.90010112e+02 -2.18158123e+28
5.90013407e+02 9.54953152e+28
5.90016702e+02 8.94664897e+29
5.90019997e+02 2.19131929e+29
5.90023292e+02 2.13079024e+29
5.90026587e+02 -8.28031449e+28
5.90029882e+02 7.55597564e+28
5.90033177e+02 -3.16142878e+28
5.90036472e+02 4.74050622e+29
5.90039768e+02 6.94068795e+28
5.90043063e+02 -6.63618275e+28
5.90046358e+02 9.96382071e+29
5.90049653e+02 1.69818774e+29
5.90052948e+02 -2.87566995e+29
5.90056243e+02 -4.71521970e+29
5.90059538e+02 -2.49155655e+29
5.90062833e+02 -4.38664938e+29
5.90066129e+02 1.94946306e+28
5.90069424e+02 3.36529138e+29
5.90072719e+02 -2.99806951e+29
5.90076014e+02 1.53676700e+29
5.90079309e+02 -3.06254050e+28
5.90082604e+02 3.50108236e+29
5.90085899e+02 1.28186553e+29
5.90089194e+02 -2.98703219e+29
5.90092489e+02 -3.96356145e+29
5.90095785e+02 -2.83929405e+29
5.90099080e+02 8.47350694e+28
5.90102375e+02 3.09208586e+29
5.90105670e+02 1.02919856e+29
5.90108965e+02 -1.60469548e+28
5.90112260e+02 -4.48172719e+29
5.90115555e+02 -6.53853999e+29
5.90118850e+02 1.54839652e+29
5.90122146e+02 1.26039593e+29
5.90125441e+02 2.58224440e+29
5.90128736e+02 -6.24349186e+28
5.90132031e+02 -4.65461009e+29
5.90135326e+02 6.57178663e+28
5.90138621e+02 -3.88400144e+29
5.90141916e+02 1.56949964e+29
5.90145211e+02 6.21671199e+29
5.90148506e+02 2.08928339e+29
5.90151802e+02 -9.48047259e+28
5.90155097e+02 -2.03945060e+29
5.90158392e+02 -3.45865303e+29
5.90161687e+02 2.59575191e+29
5.90164982e+02 -4.78259594e+29
5.90168277e+02 -1.23774858e+29
5.90171572e+02 5.00038408e+29
5.90174867e+02 -5.78522317e+28
5.90178163e+02 1.11076932e+29
5.90181458e+02 -2.15698893e+29
5.90184753e+02 8.85408596e+28
5.90188048e+02 1.64318361e+29
5.90191343e+02 -2.55146517e+29
5.90194638e+02 -5.47462413e+29
5.90197933e+02 -3.67038211e+29
5.90201228e+02 1.60710001e+29
5.90204523e+02 1.66462236e+29
5.90207819e+02 2.35150294e+29
5.90211114e+02 6.80805040e+28
5.90214409e+02 -4.72641946e+29
5.90217704e+02 4.46964348e+29
5.90220999e+02 -2.45570362e+28
5.90224294e+02 3.37859307e+29
5.90227589e+02 4.67445629e+29
5.90230884e+02 3.87080879e+29
5.90234180e+02 -5.83589388e+29
5.90237475e+02 -7.52105321e+29
5.90240770e+02 2.78237212e+29
5.90244065e+02 2.86648772e+28
5.90247360e+02 1.36992717e+29
5.90250655e+02 -3.33173643e+28
5.90253950e+02 -1.41465548e+29
5.90257245e+02 -2.80954911e+29
5.90260540e+02 -7.05702370e+28
5.90263836e+02 -6.02360768e+28
5.90267131e+02 1.33107139e+29
5.90270426e+02 -3.16399853e+29
5.90273721e+02 -3.81831479e+29
5.90277016e+02 8.41524400e+28
5.90280311e+02 3.17889894e+29
5.90283606e+02 -4.19436389e+29
5.90286901e+02 -1.71542933e+28
5.90290197e+02 -1.20535656e+28
5.90293492e+02 -1.38189410e+29
5.90296787e+02 -3.96277533e+29
5.90300082e+02 -4.47494307e+29
5.90303377e+02 -1.19065603e+29
5.90306672e+02 -4.78616053e+29
5.90309967e+02 -1.65782854e+29
5.90313262e+02 4.08052421e+29
5.90316557e+02 -2.32279845e+29
5.90319853e+02 6.59327659e+29
5.90323148e+02 -1.40835532e+29
5.90326443e+02 -1.99106072e+29
5.90329738e+02 3.81239424e+29
5.90333033e+02 -2.92446300e+29
5.90336328e+02 -1.33961401e+29
5.90339623e+02 -8.02434609e+28
5.90342918e+02 -5.08446491e+29
5.90346214e+02 -5.96419884e+28
5.90349509e+02 4.27749270e+28
5.90352804e+02 4.39706453e+28
5.90356099e+02 2.10319085e+29
5.90359394e+02 -4.74508344e+29
5.90362689e+02 -2.44975743e+28
5.90365984e+02 3.09994095e+29
5.90369279e+02 4.13179538e+29
5.90372574e+02 1.96740705e+29
5.90375870e+02 -6.60615234e+29
5.90379165e+02 -3.64240484e+29
5.90382460e+02 2.69401611e+29
5.90385755e+02 4.50343327e+28
5.90389050e+02 5.16150023e+29
5.90392345e+02 2.23554209e+29
5.90395640e+02 1.36751540e+28
5.90398935e+02 2.87020539e+29
5.90402231e+02 6.26874122e+29
5.90405526e+02 -1.07848548e+29
5.90408821e+02 1.51059005e+29
5.90412116e+02 8.04315397e+28
5.90415411e+02 2.28412225e+28
