# Wavelength Flux(MR)
5.89097364e+02 2.90048377e+28
5.89100659e+02 4.57398956e+28
5.89103954e+02 -2.87137606e+28
5.89107249e+02 -1.83535951e+29
5.89110544e+02 -3.16220919e+29
5.89113839e+02 2.05320994e+29
5.89117135e+02 3.52015966e+28
5.89120430e+02 1.26751282e+28
5.89123725e+02 3.17221346e+27
5.89127020e+02 -9.04972397e+28
5.89130315e+02 -4.80120269e+28
5.89133610e+02 -1.69442329e+29
5.89136905e+02 -2.92946560e+29
5.89140200e+02 -2.38847937e+28
5.89143496e+02 6.14543005e+28
5.89146791e+02 9.15608071e+28
5.89150086e+02 1.34162183e+29
5.89153381e+02 -6.40715198e+28
5.89156676e+02 1.80783240e+29
5.89159971e+02 -1.90642421e+29
5.89163266e+02 -4.90435906e+28
5.89166561e+02 -2.11914816e+29
5.89169856e+02 -9.79770474e+28
5.89173152e+02 9.20727089e+28
5.89176447e+02 -1.39805432e+29
5.89179742e+02 -2.92652292e+29
5.89183037e+02 -3.23977055e+28
5.89186332e+02 2.15733986e+29
5.89189627e+02 7.47293633e+28
5.89192922e+02 -1.39903620e+28
5.89196217e+02 -1.13751549e+29
5.89199513e+02 2.73286088e+28
5.89202808e+02 8.84516785e+28
5.89206103e+02 -3.18836396e+28
5.89209398e+02 -6.79304896e+28
5.89212693e+02 -4.91503264e+28
5.89215988e+02 -1.05373812e+29
5.89219283e+02 -8.77436082e+28
5.89222578e+02 -5.70472846e+28
5.89225873e+02 2.74153175e+29
5.89229169e+02 1.67275450e+29
5.89232464e+02 1.05717623e+29
5.89235759e+02 1.71090522e+28
5.89239054e+02 -1.46766841e+29
5.89242349e+02 8.55848158e+28
5.89245644e+02 5.07021505e+27
5.89248939e+02 5.00141453e+28
5.89252234e+02 2.01005555e+29
5.89255530e+02 -3.37090998e+28
5.89258825e+02 1.60772552e+29
5.89262120e+02 6.21740357e+28
5.89265415e+02 5.35202593e+28
5.89268710e+02 1.32383701e+29
5.89272005e+02 3.27678144e+29
5.89275300e+02 1.56303047e+29
5.89278595e+02 6.18525825e+28
5.89281890e+02 -6.97645594e+28
5.89285186e+02 2.33381698e+28
5.89288481e+02 3.87853941e+28
5.89291776e+02 -1.20214583e+29
5.89295071e+02 7.29217532e+28
5.89298366e+02 -1.21670417e+29
5.89301661e+02 2.80301873e+28
5.89304956e+02 -1.16768304e+27
5.89308251e+02 5.12958649e+28
5.89311547e+02 2.12811679e+29
5.89314842e+02 1.17414614e+29
5.89318137e+02 -1.13792409e+29
5.89321432e+02 1.88678237e+28
5.89324727e+02 2.36108806e+29
5.89328022e+02 -5.51815845e+28
5.89331317e+02 -3.39790842e+29
5.89334612e+02 -1.14086148e+29
5.89337907e+02 -4.61965836e+29
5.89341203e+02 -3.48967106e+29
5.89344498e+02 -4.14712953e+28
5.89347793e+02 6.59716094e+28
5.89351088e+02 -1.63410151e+29
5.89354383e+02 9.98731055e+28
5.89357678e+02 1.21508932e+28
5.89360973e+02 -7.52407290e+28
5.89364268e+02 -1.37701811e+29
5.89367564e+02 1.29793490e+28
5.89370859e+02 -8.58405615e+28
5.89374154e+02 2.87423176e+28
5.89377449e+02 1.63340689e+29
5.89380744e+02 7.01609224e+28
5.89384039e+02 -1.29250309e+29
5.89387334e+02 -9.99406438e+28
5.89390629e+02 -2.17372934e+29
5.89393924e+02 -1.14914916e+29
5.89397220e+02 1.46349525e+29
5.89400515e+02 5.07333196e+28
5.89403810e+02 -1.38838994e+29
5.89407105e+02 4.33115251e+27
5.89410400e+02 -3.88728799e+29
5.89413695e+02 -3.55558876e+29
5.89416990e+02 -1.08300910e+29
5.89420285e+02 6.26669555e+28
5.89423581e+02 1.13569230e+29
5.89426876e+02 2.10313229e+29
5.89430171e+02 -4.95842442e+28
5.89433466e+02 -1.45282497e+29
5.89436761e+02 -1.17071612e+29
5.89440056e+02 -1.00049401e+29
5.89443351e+02 2.93203223e+29
5.89446646e+02 -2.82142371e+28
5.89449941e+02 -2.87433876e+28
5.89453237e+02 -1.69424992e+29
5.89456532e+02 -1.72935790e+29
5.89459827e+02 -3.92534205e+28
5.89463122e+02 9.64506567e+28
5.89466417e+02 -2.04589881e+28
5.89469712e+02 -1.31357983e+29
5.89473007e+02 -2.85458869e+29
5.89476302e+02 -1.60624794e+29
5.89479598e+02 6.95124141e+28
5.89482893e+02 -9.80438930e+27
5.89486188e+02 -7.86329945e+28
5.89489483e+02 1.45905386e+29
5.89492778e+02 3.79895486e+28
5.89496073e+02 2.63394495e+29
5.89499368e+02 1.43317911e+29
5.89502663e+02 5.74323047e+28
5.89505959e+02 -5.54689425e+27
5.89509254e+02 1.05560877e+29
5.89512549e+02 1.02404004e+29
5.89515844e+02 -7.54903475e+28
5.89519139e+02 -2.54924761e+29
5.89522434e+02 -6.69319422e+28
5.89525729e+02 1.25947026e+28
5.89529024e+02 8.72566587e+28
5.89532319e+02 -4.89628607e+28
5.89535615e+02 -8.76622814e+28
5.89538910e+02 -9.05257551e+28
5.89542205e+02 1.57903174e+29
5.89545500e+02 -3.87211116e+28
5.89548795e+02 4.02769740e+28
5.89552090e+02 3.61501097e+28
5.89555385e+02 1.17589195e+29
5.89558680e+02 -8.74003029e+28
5.89561976e+02 -1.17171128e+29
5.89565271e+02 8.50451901e+28
5.89568566e+02 -6.77144859e+28
5.89571861e+02 -4.13669533e+27
5.89575156e+02 5.22540398e+28
5.89578451e+02 5.98394725e+28
5.89581746e+02 7.29612791e+28
5.89585041e+02 -2.31297716e+28
5.89588336e+02 -1.31231808e+29
5.89591632e+02 -1.36459048e+29
5.89594927e+02 1.25045490e+29
5.89598222e+02 7.09628653e+28
5.89601517e+02 3.29653595e+28
5.89604812e+02 -1.41344828e+29
5.89608107e+02 3.06204978e+28
5.89611402e+02 1.19940455e+28
5.89614697e+02 2.30978036e+28
5.89617993e+02 2.31767193e+29
5.89621288e+02 1.36649758e+29
5.89624583e+02 1.33504115e+29
5.89627878e+02 1.53765641e+29
5.89631173e+02 1.74715347e+28
5.89634468e+02 -1.41225125e+29
5.89637763e+02 2.34090344e+29
5.89641058e+02 1.70919779e+27
5.89644353e+02 1.70258804e+29
5.89647649e+02 1.95249766e+29
5.89650944e+02 1.09662207e+29
5.89654239e+02 -1.17308180e+29
5.89657534e+02 1.29393925e+29
5.89660829e+02 9.61003956e+27
5.89664124e+02 -4.29814926e+28
5.89667419e+02 -1.58251534e+29
5.89670714e+02 9.26164452e+28
5.89674010e+02 -8.43152696e+28
5.89677305e+02 1.77435907e+29
5.89680600e+02 8.70331502e+28
5.89683895e+02 -4.24572449e+28
5.89687190e+02 4.35556534e+28
5.89690485e+02 5.91828885e+28
5.89693780e+02 -1.37931773e+29
5.89697075e+02 -9.41822921e+28
5.89700370e+02 1.62620837e+29
5.89703666e+02 1.10263221e+29
5.89706961e+02 9.84168285e+28
5.89710256e+02 1.43954735e+29
5.89713551e+02 -2.25578003e+28
5.89716846e+02 1.28502686e+29
5.89720141e+02 8.94653015e+28
5.89723436e+02 3.65802388e+28
5.89726731e+02 5.54035400e+28
5.89730027e+02 2.15151256e+29
5.89733322e+02 -4.45251464e+28
5.89736617e+02 -3.02964038e+28
5.89739912e+02 2.10493194e+28
5.89743207e+02 2.47557038e+28
5.89746502e+02 -1.07813479e+29
5.89749797e+02 -1.70666891e+28
5.89753092e+02 -1.22695163e+29
5.89756387e+02 4.28146550e+28
5.89759683e+02 -1.12737661e+29
5.89762978e+02 -1.89948851e+29
5.89766273e+02 -1.37910566e+29
5.89769568e+02 -2.66820502e+29
5.89772863e+02 -3.86273721e+28
5.89776158e+02 2.24702684e+28
5.89779453e+02 -3.57411589e+28
5.89782748e+02 -1.28204105e+29
5.89786044e+02 4.66657835e+28
5.89789339e+02 9.97082880e+28
5.89792634e+02 9.98101918e+28
5.89795929e+02 7.69730497e+28
5.89799224e+02 -5.94270306e+28
5.89802519e+02 1.26297499e+28
5.89805814e+02 7.67220052e+28
5.89809109e+02 -1.38564834e+29
5.89812404e+02 8.15184534e+27
5.89815700e+02 7.85130580e+27
5.89818995e+02 -1.01376486e+29
5.89822290e+02 1.35858763e+29
5.89825585e+02 2.38003176e+29
5.89828880e+02 -8.82011910e+28
5.89832175e+02 1.13491336e+29
5.89835470e+02 -3.29004834e+28
5.89838765e+02 9.78897590e+28
5.89842061e+02 -1.19213696e+28
5.89845356e+02 -1.50021156e+29
5.89848651e+02 -9.04020466e+28
5.89851946e+02 1.75097005e+29
5.89855241e+02 -4.11376889e+28
5.89858536e+02 -1.11158840e+29
5.89861831e+02 7.44131196e+27
5.89865126e+02 7.27659647e+28
5.89868421e+02 1.92430029e+28
5.89871717e+02 -3.79154715e+28
5.89875012e+02 3.53193397e+28
5.89878307e+02 1.12620034e+29
5.89881602e+02 -5.24372522e+28
5.89884897e+02 -6.15606473e+28
5.89888192e+02 -1.50967103e+28
5.89891487e+02 2.14414713e+28
5.89894782e+02 -7.85383665e+28
5.89898078e+02 -1.68195756e+28
5.89901373e+02 7.18348177e+27
5.89904668e+02 1.20219021e+29
5.89907963e+02 6.85400633e+28
5.89911258e+02 -1.41765299e+28
5.89914553e+02 4.48526053e+28
5.89917848e+02 3.82211021e+28
5.89921143e+02 -1.93158301e+29
5.89924438e+02 3.42272366e+27
5.89927734e+02 3.92554846e+28
5.89931029e+02 1.13580214e+29
5.89934324e+02 1.12038766e+29
5.89937619e+02 -9.11889467e+28
5.89940914e+02 1.37812193e+29
5.89944209e+02 5.22457064e+28
5.89947504e+02 -5.46098325e+27
5.89950799e+02 7.28574581e+28
5.89954095e+02 8.48447017e+28
5.89957390e+02 3.95203140e+28
5.89960685e+02 -4.08565891e+28
5.89963980e+02 -1.11094700e+29
5.89967275e+02 -1.37741321e+28
5.89970570e+02 -1.00084335e+29
5.89973865e+02 -1.47598710e+28
5.89977160e+02 -9.37269107e+28
5.89980455e+02 -3.73840242e+28
5.89983751e+02 1.16961254e+29
5.89987046e+02 -5.52735763e+28
5.89990341e+02 -5.52446426e+28
5.89993636e+02 6.06803136e+28
5.89996931e+02 -1.59389052e+29
5.90000226e+02 -2.10930836e+28
5.90003521e+02 -9.97930545e+28
5.90006816e+02 -2.46561124e+28
5.90010112e+02 6.39406525e+27
5.90013407e+02 4.20815569e+28
5.90016702e+02 6.35424367e+28
5.90019997e+02 1.36688644e+29
5.90023292e+02 1.16780306e+29
5.90026587e+02 -8.55741767e+28
5.90029882e+02 4.36859641e+28
5.90033177e+02 1.29734638e+29
5.90036472e+02 -9.38492038e+28
5.90039768e+02 -1.02229332e+29
5.90043063e+02 1.34216478e+29
5.90046358e+02 -1.24385357e+29
5.90049653e+02 -8.95904571e+28
5.90052948e+02 -3.21947798e+29
5.90056243e+02 -4.13688914e+28
5.90059538e+02 3.53586205e+28
5.90062833e+02 4.90509679e+28
5.90066129e+02 2.32558528e+28
5.90069424e+02 5.57904302e+28
5.90072719e+02 6.73793262e+28
5.90076014e+02 -1.14197983e+29
5.90079309e+02 -5.60940706e+28
5.90082604e+02 -5.24802795e+27
5.90085899e+02 1.25111136e+28
5.90089194e+02 -9.26042471e+28
5.90092489e+02 4.61582763e+28
5.90095785e+02 1.75526962e+29
5.90099080e+02 9.16451183e+28
5.90102375e+02 2.22182912e+29
5.90105670e+02 7.69303204e+28
5.90108965e+02 -2.27454893e+28
5.90112260e+02 2.82672418e+27
5.90115555e+02 1.86211959e+29
5.90118850e+02 -6.81883905e+28
5.90122146e+02 1.04903392e+29
5.90125441e+02 -2.62279559e+27
5.90128736e+02 -1.74258914e+28
5.90132031e+02 -1.34869139e+29
5.90135326e+02 -8.34927944e+28
5.90138621e+02 -3.63900690e+28
5.90141916e+02 4.09428809e+27
5.90145211e+02 5.68192732e+28
5.90148506e+02 -5.08294300e+28
5.90151802e+02 -3.00929503e+29
5.90155097e+02 -1.64661649e+29
5.90158392e+02 -7.14720554e+28
5.90161687e+02 1.09473121e+29
5.90164982e+02 1.17845699e+29
5.90168277e+02 8.97873455e+28
5.90171572e+02 4.19780102e+27
5.90174867e+02 1.79769203e+29
5.90178163e+02 1.40914816e+29
5.90181458e+02 2.02554682e+29
5.90184753e+02 3.40312372e+28
5.90188048e+02 4.57821096e+27
5.90191343e+02 -1.99040896e+29
5.90194638e+02 -1.11104404e+29
5.90197933e+02 -3.74529413e+28
5.90201228e+02 1.76289237e+28
5.90204523e+02 -2.26430470e+29
5.90207819e+02 6.12069227e+27
5.90211114e+02 -1.66974700e+29
5.90214409e+02 1.81809938e+28
5.90217704e+02 -7.72957732e+28
5.90220999e+02 -3.43766795e+28
5.90224294e+02 -6.65331836e+28
5.90227589e+02 -3.79997256e+29
5.90230884e+02 2.09122684e+28
5.90234180e+02 2.48199829e+28
5.90237475e+02 8.30895718e+28
5.90240770e+02 4.54389475e+28
5.90244065e+02 -5.55241042e+28
5.90247360e+02 -4.74926606e+28
5.90250655e+02 1.15423890e+28
5.90253950e+02 -1.18470378e+29
5.90257245e+02 2.31166543e+29
5.90260540e+02 2.73554388e+29
5.90263836e+02 -9.85095295e+28
5.90267131e+02 -1.34292534e+29
5.90270426e+02 -4.01960674e+27
5.90273721e+02 2.56767135e+28
5.90277016e+02 7.21707441e+28
5.90280311e+02 6.67451200e+28
5.90283606e+02 7.79069845e+27
5.90286901e+02 -2.43034303e+28
5.90290197e+02 4.18773810e+28
5.90293492e+02 -1.42660640e+29
5.90296787e+02 1.64782651e+28
5.90300082e+02 -6.13319667e+28
5.90303377e+02 -1.39744253e+29
5.90306672e+02 6.73963220e+28
5.90309967e+02 6.12012950e+28
5.90313262e+02 3.95449413e+29
5.90316557e+02 2.17092945e+29
5.90319853e+02 2.42731144e+29
5.90323148e+02 1.99971786e+29
5.90326443e+02 2.15657092e+29
5.90329738e+02 9.37997211e+28
5.90333033e+02 -6.02309121e+28
5.90336328e+02 2.24399938e+28
5.90339623e+02 -1.30042381e+29
5.90342918e+02 9.49644366e+28
5.90346214e+02 -3.48903366e+28
5.90349509e+02 -9.74368305e+28
5.90352804e+02 -1.23525186e+29
5.90356099e+02 1.17212977e+27
5.90359394e+02 -2.83421175e+29
5.90362689e+02 -1.45004085e+29
5.90365984e+02 4.22332767e+28
5.90369279e+02 -5.43817855e+28
5.90372574e+02 2.14504868e+29
5.90375870e+02 1.28601219e+29
5.90379165e+02 -8.93441827e+27
5.90382460e+02 1.55525386e+29
5.90385755e+02 2.50166950e+28
5.90389050e+02 1.47522409e+29
5.90392345e+02 2.02722064e+29
5.90395640e+02 2.32122132e+28
5.90398935e+02 -3.66830095e+28
5.90402231e+02 -1.10247460e+29
5.90405526e+02 9.31088486e+28
5.90408821e+02 -3.30385179e+28
5.90412116e+02 3.94538511e+28
5.90415411e+02 -4.22860592e+28
