# Wavelength Flux(MR)
5.89097364e+02 -1.14344580e+27
5.89100659e+02 5.91866986e+26
5.89103954e+02 -2.02444136e+27
5.89107249e+02 -7.15182830e+26
5.89110544e+02 -2.88885185e+26
5.89113839e+02 6.54152458e+26
5.89117135e+02 1.86074716e+26
5.89120430e+02 -1.59332709e+27
5.89123725e+02 -2.01991834e+27
5.89127020e+02 -2.34894408e+27
5.89130315e+02 -1.11107478e+27
5.89133610e+02 6.33103997e+26
5.89136905e+02 1.27472836e+27
5.89140200e+02 1.07269640e+27
5.89143496e+02 1.86551549e+27
5.89146791e+02 9.82365844e+26
5.89150086e+02 8.00728143e+26
5.89153381e+02 7.78189063e+26
5.89156676e+02 9.63274931e+26
5.89159971e+02 3.67954816e+26
5.89163266e+02 -1.64543233e+26
5.89166561e+02 -7.92713550e+26
5.89169856e+02 7.19430821e+25
5.89173152e+02 -3.05287460e+25
5.89176447e+02 -9.06561324e+26
5.89179742e+02 7.29794082e+26
5.89183037e+02 5.00050949e+26
5.89186332e+02 -1.58069773e+27
5.89189627e+02 -1.88154546e+27
5.89192922e+02 -5.41174839e+26
5.89196217e+02 -1.36583375e+27
5.89199513e+02 -2.31901494e+27
5.89202808e+02 -3.61825652e+27
5.89206103e+02 -2.37775743e+27
5.89209398e+02 -2.91780070e+27
5.89212693e+02 -7.77053982e+26
5.89215988e+02 5.66609068e+27
5.89219283e+02 2.15756747e+28
5.89222578e+02 4.33532927e+28
5.89225873e+02 6.07307789e+28
5.89229169e+02 6.23793100e+28
5.89232464e+02 4.28005786e+28
5.89235759e+02 1.76373985e+28
5.89239054e+02 4.25814293e+27
5.89242349e+02 3.59900560e+26
5.89245644e+02 1.14137780e+27
5.89248939e+02 4.35308843e+26
5.89252234e+02 6.14660417e+26
5.89255530e+02 -5.87601167e+26
5.89258825e+02 -1.36870447e+26
5.89262120e+02 -6.37683020e+26
5.89265415e+02 -1.31140613e+27
5.89268710e+02 2.60128688e+26
5.89272005e+02 -7.69222274e+26
5.89275300e+02 -1.84289817e+27
5.89278595e+02 -1.32558647e+27
5.89281890e+02 -1.45774160e+27
5.89285186e+02 -8.80658714e+25
5.89288481e+02 -9.03561805e+25
5.89291776e+02 6.66324059e+26
5.89295071e+02 -3.42926607e+25
5.89298366e+02 -1.97932587e+26
5.89301661e+02 1.07180666e+26
5.89304956e+02 2.37286455e+27
5.89308251e+02 -2.03582785e+26
5.89311547e+02 -8.61372073e+26
5.89314842e+02 -6.07747714e+26
5.89318137e+02 -1.29217957e+27
5.89321432e+02 -5.19689654e+26
5.89324727e+02 -1.64314514e+27
5.89328022e+02 -2.72211755e+27
5.89331317e+02 -2.55570512e+27
5.89334612e+02 1.44314810e+27
5.89337907e+02 2.97320300e+27
5.89341203e+02 6.82904248e+26
5.89344498e+02 7.70431264e+26
5.89347793e+02 1.64388262e+27
5.89351088e+02 1.30554276e+27
5.89354383e+02 2.61938778e+26
5.89357678e+02 1.74889297e+26
5.89360973e+02 1.87216915e+26
5.89364268e+02 -1.08436911e+27
5.89367564e+02 -8.59099938e+24
5.89370859e+02 -1.74292519e+27
5.89374154e+02 -7.27152000e+26
5.89377449e+02 -8.67045723e+26
5.89380744e+02 2.39550905e+26
5.89384039e+02 -9.00956491e+25
5.89387334e+02 8.78569564e+26
5.89390629e+02 4.81473099e+26
5.89393924e+02 -1.34195324e+27
5.89397220e+02 -2.60769338e+27
5.89400515e+02 -2.25667735e+27
5.89403810e+02 -1.50837143e+27
5.89407105e+02 -1.47512124e+26
5.89410400e+02 1.12586858e+27
5.89413695e+02 1.11528009e+27
5.89416990e+02 6.66634562e+26
5.89420285e+02 1.11387991e+27
5.89423581e+02 -5.08344991e+26
5.89426876e+02 -1.99095089e+27
5.89430171e+02 -6.21421413e+26
5.89433466e+02 -7.27178085e+26
5.89436761e+02 -3.35687006e+26
5.89440056e+02 2.66137646e+26
5.89443351e+02 1.21197158e+27
5.89446646e+02 2.75179728e+26
5.89449941e+02 4.32573730e+26
5.89453237e+02 3.18069393e+26
5.89456532e+02 7.56938669e+26
5.89459827e+02 3.93384658e+26
5.89463122e+02 -1.12811047e+27
5.89466417e+02 -8.19536928e+26
5.89469712e+02 9.88922558e+25
5.89473007e+02 -2.56491300e+26
5.89476302e+02 -1.24779845e+27
5.89479598e+02 2.92141172e+26
5.89482893e+02 4.95230445e+26
5.89486188e+02 -1.43651106e+27
5.89489483e+02 -8.75974889e+26
5.89492778e+02 -1.87035894e+27
5.89496073e+02 -4.11271804e+27
5.89499368e+02 -2.59050344e+27
5.89502663e+02 -3.13439004e+27
5.89505959e+02 -2.71378455e+27
5.89509254e+02 -2.73113961e+27
5.89512549e+02 -2.73455869e+27
5.89515844e+02 -8.11874200e+26
5.89519139e+02 4.47471887e+26
5.89522434e+02 1.61651057e+27
5.89525729e+02 2.29339835e+27
5.89529024e+02 6.96054673e+25
5.89532319e+02 -1.01577964e+27
5.89535615e+02 -1.15954607e+27
5.89538910e+02 -1.03756282e+27
5.89542205e+02 -1.41875412e+27
5.89545500e+02 -1.81533889e+27
5.89548795e+02 -2.32987324e+27
5.89552090e+02 -2.07983652e+27
5.89555385e+02 -2.11595939e+27
5.89558680e+02 -2.02535174e+27
5.89561976e+02 5.57468590e+26
5.89565271e+02 -1.48092918e+27
5.89568566e+02 -2.48541866e+27
5.89571861e+02 -1.45757448e+27
5.89575156e+02 -3.40741227e+26
5.89578451e+02 -1.21067756e+27
5.89581746e+02 -1.20183422e+27
5.89585041e+02 -1.29535510e+26
5.89588336e+02 -1.32287281e+27
5.89591632e+02 -1.58045429e+27
5.89594927e+02 -1.93460696e+27
5.89598222e+02 -2.33087286e+27
5.89601517e+02 -1.77416816e+27
5.89604812e+02 -1.29855010e+27
5.89608107e+02 -2.63866592e+27
5.89611402e+02 -1.51830942e+27
5.89614697e+02 3.02742887e+26
5.89617993e+02 -1.18711089e+27
5.89621288e+02 -7.86520420e+26
5.89624583e+02 -1.14325049e+27
5.89627878e+02 -4.49424626e+26
5.89631173e+02 -1.36721517e+27
5.89634468e+02 -1.79957916e+26
5.89637763e+02 -1.49695653e+26
5.89641058e+02 -1.80988412e+26
5.89644353e+02 -6.62874430e+26
5.89647649e+02 -9.93612792e+26
5.89650944e+02 -5.95036588e+26
5.89654239e+02 -1.46962687e+27
5.89657534e+02 -7.33708214e+26
5.89660829e+02 -2.19824820e+27
5.89664124e+02 -1.48495994e+27
5.89667419e+02 -4.34719729e+26
5.89670714e+02 -3.33222849e+26
5.89674010e+02 -8.66135217e+26
5.89677305e+02 -2.13953947e+27
5.89680600e+02 -5.99531108e+26
5.89683895e+02 -2.83924883e+26
5.89687190e+02 -9.25769793e+26
5.89690485e+02 -1.75076418e+27
5.89693780e+02 2.02136251e+26
5.89697075e+02 -9.17361217e+26
5.89700370e+02 4.35382372e+26
5.89703666e+02 -6.06321897e+26
5.89706961e+02 -7.15682221e+26
5.89710256e+02 -2.43790893e+27
5.89713551e+02 -3.39523414e+27
5.89716846e+02 -1.27397194e+27
5.89720141e+02 -2.22811720e+27
5.89723436e+02 -1.47097393e+27
5.89726731e+02 -2.06777987e+27
5.89730027e+02 -7.19868235e+26
5.89733322e+02 -5.99006584e+26
5.89736617e+02 -9.35243220e+25
5.89739912e+02 5.05010682e+26
5.89743207e+02 3.04262937e+26
5.89746502e+02 -1.76944659e+26
5.89749797e+02 3.87349043e+26
5.89753092e+02 8.75340548e+26
5.89756387e+02 -8.88909755e+25
5.89759683e+02 8.96839993e+25
5.89762978e+02 8.63935489e+26
5.89766273e+02 7.45635165e+26
5.89769568e+02 7.94982862e+26
5.89772863e+02 8.81904180e+26
5.89776158e+02 9.11523249e+26
5.89779453e+02 -5.05594667e+25
5.89782748e+02 -1.33897763e+27
5.89786044e+02 -1.36674887e+27
5.89789339e+02 -1.51848033e+27
5.89792634e+02 -9.14980097e+26
5.89795929e+02 -3.32315485e+27
5.89799224e+02 -3.94594267e+27
5.89802519e+02 -3.91882461e+27
5.89805814e+02 -4.24252237e+27
5.89809109e+02 -2.33839194e+27
5.89812404e+02 2.00719156e+27
5.89815700e+02 1.15927038e+28
5.89818995e+02 2.56076714e+28
5.89822290e+02 4.02837541e+28
5.89825585e+02 4.73567359e+28
5.89828880e+02 4.11318706e+28
5.89832175e+02 2.46154166e+28
5.89835470e+02 9.11948729e+27
5.89838765e+02 2.56497258e+27
5.89842061e+02 -5.87039027e+25
5.89845356e+02 3.35939793e+26
5.89848651e+02 -2.18469869e+27
5.89851946e+02 -4.55117548e+26
5.89855241e+02 1.84698049e+26
5.89858536e+02 -3.71282828e+25
5.89861831e+02 -2.05095829e+26
5.89865126e+02 -1.09528442e+27
5.89868421e+02 -2.66723471e+26
5.89871717e+02 3.61226371e+26
5.89875012e+02 -1.45786801e+27
5.89878307e+02 -8.71374983e+26
5.89881602e+02 -2.63943062e+26
5.89884897e+02 -6.75206384e+26
5.89888192e+02 -3.54501905e+26
5.89891487e+02 -9.00320826e+26
5.89894782e+02 -7.52137717e+26
5.89898078e+02 -7.81765958e+25
5.89901373e+02 -4.65644279e+25
5.89904668e+02 -1.10716494e+27
5.89907963e+02 -1.45410622e+27
5.89911258e+02 -8.92087402e+26
5.89914553e+02 -4.31039936e+26
5.89917848e+02 -8.08690551e+26
5.89921143e+02 -1.26477917e+27
5.89924438e+02 2.60421658e+26
5.89927734e+02 5.32754864e+26
5.89931029e+02 -5.05882543e+26
5.89934324e+02 -1.65525450e+27
5.89937619e+02 -1.27949669e+27
5.89940914e+02 -8.44390129e+26
5.89944209e+02 -1.04247980e+27
5.89947504e+02 -8.09384445e+25
5.89950799e+02 1.38661842e+26
5.89954095e+02 1.27860108e+26
5.89957390e+02 1.02141177e+25
5.89960685e+02 5.94639184e+26
5.89963980e+02 1.79694373e+27
5.89967275e+02 1.38850841e+26
5.89970570e+02 -1.44092231e+26
5.89973865e+02 8.51120670e+26
5.89977160e+02 -3.55678796e+27
5.89980455e+02 -2.88535482e+27
5.89983751e+02 4.41079528e+25
5.89987046e+02 1.51055145e+27
5.89990341e+02 1.16584587e+27
5.89993636e+02 2.58561673e+27
5.89996931e+02 1.87123198e+27
5.90000226e+02 1.56709491e+27
5.90003521e+02 8.15605280e+26
5.90006816e+02 -2.89191057e+26
5.90010112e+02 -8.63948521e+26
5.90013407e+02 -4.16451847e+26
5.90016702e+02 -1.10297817e+27
5.90019997e+02 1.01711416e+27
5.90023292e+02 5.20440640e+26
5.90026587e+02 -5.51095968e+26
5.90029882e+02 4.90266580e+26
5.90033177e+02 4.53895275e+25
5.90036472e+02 -1.59618194e+27
5.90039768e+02 -2.60376128e+27
5.90043063e+02 -1.84548612e+27
5.90046358e+02 2.21150217e+26
5.90049653e+02 -7.77830444e+26
5.90052948e+02 -3.00789928e+26
5.90056243e+02 -7.95719169e+26
5.90059538e+02 -1.51117975e+27
5.90062833e+02 -2.31148005e+27
5.90066129e+02 -1.72142087e+27
5.90069424e+02 -1.15949582e+27
5.90072719e+02 5.33405095e+26
5.90076014e+02 -2.23487149e+26
5.90079309e+02 2.41126616e+26
5.90082604e+02 -1.05886888e+26
5.90085899e+02 1.78167513e+26
5.90089194e+02 -1.54982178e+27
5.90092489e+02 -1.56800250e+27
5.90095785e+02 -2.46812558e+27
5.90099080e+02 -1.08333958e+27
5.90102375e+02 -1.22325950e+27
5.90105670e+02 -1.83678852e+27
5.90108965e+02 -1.52229326e+27
5.90112260e+02 6.37627382e+26
5.90115555e+02 -1.82456864e+26
5.90118850e+02 -1.54791580e+27
5.90122146e+02 -9.78173043e+26
5.90125441e+02 -6.01240830e+26
5.90128736e+02 -1.23223578e+26
5.90132031e+02 -3.95686632e+26
5.90135326e+02 -6.84281478e+26
5.90138621e+02 -5.23620581e+26
5.90141916e+02 -4.26228276e+26
5.90145211e+02 -2.43071988e+26
5.90148506e+02 -8.08811843e+26
5.90151802e+02 5.21281513e+26
5.90155097e+02 -5.06079636e+26
5.90158392e+02 -6.05563020e+26
5.90161687e+02 -9.30209281e+26
5.90164982e+02 -2.96272420e+27
5.90168277e+02 -2.13488409e+27
5.90171572e+02 -9.48791005e+26
5.90174867e+02 -1.88248598e+26
5.90178163e+02 1.11327999e+27
5.90181458e+02 2.03584036e+27
5.90184753e+02 7.53197558e+26
5.90188048e+02 1.88785652e+27
5.90191343e+02 2.30758850e+27
5.90194638e+02 -7.05548128e+25
5.90197933e+02 1.16956966e+26
5.90201228e+02 -1.32186129e+27
5.90204523e+02 -1.78370991e+27
5.90207819e+02 -5.17014788e+26
5.90211114e+02 -1.24456475e+27
5.90214409e+02 -1.75538406e+27
5.90217704e+02 1.82640694e+26
5.90220999e+02 -7.75848306e+26
5.90224294e+02 -6.92695492e+26
5.90227589e+02 -2.44525631e+26
5.90230884e+02 4.00314232e+26
5.90234180e+02 -4.50769165e+26
5.90237475e+02 -1.31889318e+27
5.90240770e+02 -7.60359846e+26
5.90244065e+02 -1.27473362e+27
5.90247360e+02 -3.15411075e+27
5.90250655e+02 -2.20568638e+27
5.90253950e+02 -5.43595423e+26
5.90257245e+02 -1.54055529e+27
5.90260540e+02 -2.48250852e+27
5.90263836e+02 -1.48302193e+27
5.90267131e+02 -1.59360085e+26
5.90270426e+02 -3.21915317e+26
5.90273721e+02 -7.09345474e+26
5.90277016e+02 -6.66258416e+26
5.90280311e+02 6.48070744e+26
5.90283606e+02 3.18844068e+26
5.90286901e+02 1.11038780e+26
5.90290197e+02 1.62128931e+26
5.90293492e+02 1.03392509e+27
5.90296787e+02 1.02293883e+27
5.90300082e+02 3.19798418e+27
5.90303377e+02 1.87395537e+26
5.90306672e+02 -1.85894259e+27
5.90309967e+02 -1.56205983e+27
5.90313262e+02 -2.97405430e+27
5.90316557e+02 -5.22921950e+26
5.90319853e+02 1.37412654e+27
5.90323148e+02 2.87761270e+27
5.90326443e+02 2.26854761e+27
5.90329738e+02 1.61633472e+27
5.90333033e+02 1.27350975e+27
5.90336328e+02 1.22447651e+27
5.90339623e+02 7.82558784e+26
5.90342918e+02 -4.13756578e+26
5.90346214e+02 -6.17214419e+26
5.90349509e+02 -3.05376444e+26
5.90352804e+02 -1.43569318e+25
5.90356099e+02 4.66366128e+26
5.90359394e+02 1.10157172e+27
5.90362689e+02 -6.26262827e+26
5.90365984e+02 -1.27846079e+27
5.90369279e+02 -1.59834218e+27
5.90372574e+02 -2.29256437e+27
5.90375870e+02 -2.68767929e+27
5.90379165e+02 -2.17017733e+27
5.90382460e+02 -1.49981414e+27
5.90385755e+02 4.77515124e+25
5.90389050e+02 -8.32514165e+26
5.90392345e+02 8.73494216e+26
5.90395640e+02 -8.22789511e+25
5.90398935e+02 -4.87055558e+26
5.90402231e+02 -7.24921901e+26
5.90405526e+02 -1.11962262e+26
5.90408821e+02 1.29626144e+26
5.90412116e+02 -2.00475519e+25
5.90415411e+02 5.07858386e+26
