# Wavelength Flux(MR)
5.89097364e+02 -1.18185087e+27
5.89100659e+02 5.20307767e+26
5.89103954e+02 -2.13440346e+27
5.89107249e+02 -8.59778673e+26
5.89110544e+02 -4.64094884e+26
5.89113839e+02 4.58041988e+26
5.89117135e+02 -1.88392454e+25
5.89120430e+02 -1.79294753e+27
5.89123725e+02 -2.19880046e+27
5.89127020e+02 -2.49590947e+27
5.89130315e+02 -1.21891496e+27
5.89133610e+02 5.64844712e+26
5.89136905e+02 1.23958738e+27
5.89140200e+02 1.06003060e+27
5.89143496e+02 1.86388825e+27
5.89146791e+02 9.78705922e+26
5.89150086e+02 7.86850660e+26
5.89153381e+02 7.50245758e+26
5.89156676e+02 9.22518166e+26
5.89159971e+02 3.18700305e+26
5.89163266e+02 -2.15799913e+26
5.89166561e+02 -8.40666826e+26
5.89169856e+02 3.07326305e+25
5.89173152e+02 -6.75393810e+25
5.89176447e+02 -9.45551508e+26
5.89179742e+02 6.82784945e+26
5.89183037e+02 4.35289581e+26
5.89186332e+02 -1.67069130e+27
5.89189627e+02 -1.99683436e+27
5.89192922e+02 -6.75807794e+26
5.89196217e+02 -1.51048955e+27
5.89199513e+02 -2.45773655e+27
5.89202808e+02 -3.73277429e+27
5.89206103e+02 -2.44830170e+27
5.89209398e+02 -2.93187057e+27
5.89212693e+02 -7.24899047e+26
5.89215988e+02 5.78823177e+27
5.89219283e+02 2.17687958e+28
5.89222578e+02 4.36104912e+28
5.89225873e+02 6.10344635e+28
5.89229169e+02 6.27028059e+28
5.89232464e+02 4.31145513e+28
5.89235759e+02 1.79273731e+28
5.89239054e+02 4.52604570e+27
5.89242349e+02 6.08333318e+26
5.89245644e+02 1.37105893e+27
5.89248939e+02 6.43429951e+26
5.89252234e+02 8.01156049e+26
5.89255530e+02 -4.23854998e+26
5.89258825e+02 6.07420299e+24
5.89262120e+02 -5.14845956e+26
5.89265415e+02 -1.20655383e+27
5.89268710e+02 3.51713678e+26
5.89272005e+02 -6.89627798e+26
5.89275300e+02 -1.77231730e+27
5.89278595e+02 -1.26087943e+27
5.89281890e+02 -1.39943359e+27
5.89285186e+02 -3.74541593e+25
5.89288481e+02 -5.34696793e+25
5.89291776e+02 6.83218674e+26
5.89295071e+02 -4.61016130e+25
5.89298366e+02 -2.44718051e+26
5.89301661e+02 2.16841367e+25
5.89304956e+02 2.25016020e+27
5.89308251e+02 -3.62290224e+26
5.89311547e+02 -1.04444548e+27
5.89314842e+02 -7.99954252e+26
5.89318137e+02 -1.47696253e+27
5.89321432e+02 -6.77995002e+26
5.89324727e+02 -1.76011670e+27
5.89328022e+02 -2.78486648e+27
5.89331317e+02 -2.55534378e+27
5.89334612e+02 1.51152812e+27
5.89337907e+02 3.10295053e+27
5.89341203e+02 8.59735321e+26
5.89344498e+02 9.79542398e+26
5.89347793e+02 1.86642858e+27
5.89351088e+02 1.52171360e+27
5.89354383e+02 4.56021742e+26
5.89357678e+02 3.37857450e+26
5.89360973e+02 3.14578306e+26
5.89364268e+02 -9.94587262e+26
5.89367564e+02 4.60428243e+25
5.89370859e+02 -1.72494345e+27
5.89374154e+02 -7.43274790e+26
5.89377449e+02 -9.17310008e+26
5.89380744e+02 1.58908752e+26
5.89384039e+02 -1.96053617e+26
5.89387334e+02 7.58604175e+26
5.89390629e+02 3.60314219e+26
5.89393924e+02 -1.44973181e+27
5.89397220e+02 -2.68668327e+27
5.89400515e+02 -2.29387168e+27
5.89403810e+02 -1.49682423e+27
5.89407105e+02 -8.61627979e+25
5.89410400e+02 1.23151841e+27
5.89413695e+02 1.25374532e+27
5.89416990e+02 8.23820721e+26
5.89420285e+02 1.27576534e+27
5.89423581e+02 -3.56788649e+26
5.89426876e+02 -1.86010959e+27
5.89430171e+02 -5.16095938e+26
5.89433466e+02 -6.52494810e+26
5.89436761e+02 -2.93047884e+26
5.89440056e+02 2.76582225e+26
5.89443351e+02 1.19146475e+27
5.89446646e+02 2.24823714e+26
5.89449941e+02 3.57841832e+26
5.89453237e+02 2.25548778e+26
5.89456532e+02 6.55519707e+26
5.89459827e+02 2.91334658e+26
5.89463122e+02 -1.22403253e+27
5.89466417e+02 -9.03109304e+26
5.89469712e+02 2.89764566e+25
5.89473007e+02 -3.17001985e+26
5.89476302e+02 -1.30568974e+27
5.89479598e+02 2.31664717e+26
5.89482893e+02 4.25788198e+26
5.89486188e+02 -1.51761025e+27
5.89489483e+02 -9.62253095e+26
5.89492778e+02 -1.95352595e+27
5.89496073e+02 -4.18155613e+27
5.89499368e+02 -2.63027800e+27
5.89502663e+02 -3.13798625e+27
5.89505959e+02 -2.67618604e+27
5.89509254e+02 -2.65289288e+27
5.89512549e+02 -2.61948061e+27
5.89515844e+02 -6.64913576e+26
5.89519139e+02 6.17499789e+26
5.89522434e+02 1.80002338e+27
5.89525729e+02 2.48004734e+27
5.89529024e+02 2.47744949e+26
5.89532319e+02 -8.52914726e+26
5.89535615e+02 -1.01626473e+27
5.89538910e+02 -9.15796886e+26
5.89542205e+02 -1.31848674e+27
5.89545500e+02 -1.73442245e+27
5.89548795e+02 -2.26540391e+27
5.89552090e+02 -2.02814665e+27
5.89555385e+02 -2.07462079e+27
5.89558680e+02 -1.99228430e+27
5.89561976e+02 5.85426822e+26
5.89565271e+02 -1.46124651e+27
5.89568566e+02 -2.47349103e+27
5.89571861e+02 -1.45268501e+27
5.89575156e+02 -3.43976967e+26
5.89578451e+02 -1.22455476e+27
5.89581746e+02 -1.22582740e+27
5.89585041e+02 -1.61566753e+26
5.89588336e+02 -1.36168340e+27
5.89591632e+02 -1.62058045e+27
5.89594927e+02 -1.97029252e+27
5.89598222e+02 -2.35626572e+27
5.89601517e+02 -1.78379377e+27
5.89604812e+02 -1.28991898e+27
5.89608107e+02 -2.61336982e+27
5.89611402e+02 -1.47726744e+27
5.89614697e+02 3.55195607e+26
5.89617993e+02 -1.13178823e+27
5.89621288e+02 -7.32868593e+26
5.89624583e+02 -1.09714284e+27
5.89627878e+02 -4.14148937e+26
5.89631173e+02 -1.34683095e+27
5.89634468e+02 -1.74329082e+26
5.89637763e+02 -1.59925485e+26
5.89641058e+02 -2.05927061e+26
5.89644353e+02 -7.00193242e+26
5.89647649e+02 -1.03911775e+27
5.89650944e+02 -6.43066365e+26
5.89654239e+02 -1.51572466e+27
5.89657534e+02 -7.71583684e+26
5.89660829e+02 -2.22567086e+27
5.89664124e+02 -1.49775031e+27
5.89667419e+02 -4.31648987e+26
5.89670714e+02 -3.15368134e+26
5.89674010e+02 -8.35317227e+26
5.89677305e+02 -2.09837731e+27
5.89680600e+02 -5.48413271e+26
5.89683895e+02 -2.26825530e+26
5.89687190e+02 -8.66751105e+26
5.89690485e+02 -1.69334393e+27
5.89693780e+02 2.57016180e+26
5.89697075e+02 -8.69944986e+26
5.89700370e+02 4.75518072e+26
5.89703666e+02 -5.76309339e+26
5.89706961e+02 -6.95460600e+26
5.89710256e+02 -2.42885243e+27
5.89713551e+02 -3.39688030e+27
5.89716846e+02 -1.28430331e+27
5.89720141e+02 -2.25031479e+27
5.89723436e+02 -1.50494205e+27
5.89726731e+02 -2.11625566e+27
5.89730027e+02 -7.83319944e+26
5.89733322e+02 -6.80387902e+26
5.89736617e+02 -1.94073071e+26
5.89739912e+02 3.84853889e+26
5.89743207e+02 1.64882238e+26
5.89746502e+02 -3.33032871e+26
5.89749797e+02 2.19568482e+26
5.89753092e+02 7.00691791e+26
5.89756387e+02 -2.67137575e+26
5.89759683e+02 -8.86115414e+25
5.89762978e+02 6.85953320e+26
5.89766273e+02 5.63985086e+26
5.89769568e+02 6.03726688e+26
5.89772863e+02 6.73495193e+26
5.89776158e+02 6.78839588e+26
5.89779453e+02 -3.12506829e+26
5.89782748e+02 -1.62962891e+27
5.89786044e+02 -1.67793543e+27
5.89789339e+02 -1.83675804e+27
5.89792634e+02 -1.22142923e+27
5.89795929e+02 -3.59981703e+27
5.89799224e+02 -4.17239842e+27
5.89802519e+02 -4.07956745e+27
5.89805814e+02 -4.32840485e+27
5.89809109e+02 -2.34414303e+27
5.89812404e+02 2.08153490e+27
5.89815700e+02 1.17443121e+28
5.89818995e+02 2.58284250e+28
5.89822290e+02 4.05584142e+28
5.89825585e+02 4.76607675e+28
5.89828880e+02 4.14360586e+28
5.89832175e+02 2.48961386e+28
5.89835470e+02 9.36829866e+27
5.89838765e+02 2.78729405e+27
5.89842061e+02 1.45260527e+26
5.89845356e+02 5.32642843e+26
5.89848651e+02 -1.98871125e+27
5.89851946e+02 -2.50620006e+26
5.89855241e+02 3.98216138e+26
5.89858536e+02 1.81467970e+26
5.89861831e+02 1.19360840e+25
5.89865126e+02 -8.88521020e+26
5.89868421e+02 -7.64957446e+25
5.89871717e+02 5.29059501e+26
5.89875012e+02 -1.31769306e+27
5.89878307e+02 -7.58352400e+26
5.89881602e+02 -1.78168786e+26
5.89884897e+02 -6.16890392e+26
5.89888192e+02 -3.21875925e+26
5.89891487e+02 -8.91874254e+26
5.89894782e+02 -7.63614438e+26
5.89898078e+02 -1.03652362e+26
5.89901373e+02 -7.95439700e+25
5.89904668e+02 -1.14097723e+27
5.89907963e+02 -1.48148657e+27
5.89911258e+02 -9.07726898e+26
5.89914553e+02 -4.33335761e+26
5.89917848e+02 -7.99594929e+26
5.89921143e+02 -1.24792944e+27
5.89924438e+02 2.81936923e+26
5.89927734e+02 5.53571876e+26
5.89931029e+02 -4.89996864e+26
5.89934324e+02 -1.64619024e+27
5.89937619e+02 -1.27694633e+27
5.89940914e+02 -8.49184402e+26
5.89944209e+02 -1.05686825e+27
5.89947504e+02 -1.07049608e+26
5.89950799e+02 9.63179207e+25
5.89954095e+02 6.54852913e+25
5.89957390e+02 -7.37975744e+25
5.89960685e+02 4.91907333e+26
5.89963980e+02 1.68330671e+27
5.89967275e+02 2.41138030e+25
5.89970570e+02 -2.43834620e+26
5.89973865e+02 7.82673109e+26
5.89977160e+02 -3.58541493e+27
5.89980455e+02 -2.86225039e+27
5.89983751e+02 1.22572224e+26
5.89987046e+02 1.63871778e+27
5.89990341e+02 1.33204758e+27
5.89993636e+02 2.77682888e+27
5.89996931e+02 2.06962546e+27
5.90000226e+02 1.75775941e+27
5.90003521e+02 9.86129952e+26
5.90006816e+02 -1.46835449e+26
5.90010112e+02 -7.52880005e+26
5.90013407e+02 -3.36090563e+26
5.90016702e+02 -1.05223576e+27
5.90019997e+02 1.04368338e+27
5.90023292e+02 5.24717538e+26
5.90026587e+02 -5.65439627e+26
5.90029882e+02 4.62779322e+26
5.90033177e+02 6.63551754e+24
5.90036472e+02 -1.64519279e+27
5.90039768e+02 -2.66152010e+27
5.90043063e+02 -1.90977376e+27
5.90046358e+02 1.53204342e+26
5.90049653e+02 -8.47832398e+26
5.90052948e+02 -3.65043719e+26
5.90056243e+02 -8.46175162e+26
5.90059538e+02 -1.53853059e+27
5.90062833e+02 -2.30767277e+27
5.90066129e+02 -1.68056881e+27
5.90069424e+02 -1.08146977e+27
5.90072719e+02 6.44627984e+26
5.90076014e+02 -9.01233611e+25
5.90079309e+02 3.85839342e+26
5.90082604e+02 3.74272523e+25
5.90085899e+02 3.10261319e+26
5.90089194e+02 -1.43754321e+27
5.90092489e+02 -1.47747892e+27
5.90095785e+02 -2.40009500e+27
5.90099080e+02 -1.03400314e+27
5.90102375e+02 -1.19107699e+27
5.90105670e+02 -1.81988032e+27
5.90108965e+02 -1.51902364e+27
5.90112260e+02 6.27818509e+26
5.90115555e+02 -2.10375730e+26
5.90118850e+02 -1.59850554e+27
5.90122146e+02 -1.05467559e+27
5.90125441e+02 -7.08029410e+26
5.90128736e+02 -2.62625139e+26
5.90132031e+02 -5.67743928e+26
5.90135326e+02 -8.84851307e+26
5.90138621e+02 -7.44578558e+26
5.90141916e+02 -6.56846570e+26
5.90145211e+02 -4.70489390e+26
5.90148506e+02 -1.01986585e+27
5.90151802e+02 3.41795844e+26
5.90155097e+02 -6.43006323e+26
5.90158392e+02 -6.88078563e+26
5.90161687e+02 -9.49814185e+26
5.90164982e+02 -2.91524098e+27
5.90168277e+02 -2.01650276e+27
5.90171572e+02 -7.62498812e+26
5.90174867e+02 5.65945367e+25
5.90178163e+02 1.40189890e+27
5.90181458e+02 2.34740709e+27
5.90184753e+02 1.06266655e+27
5.90188048e+02 2.17490911e+27
5.90191343e+02 2.55464396e+27
5.90194638e+02 1.25193904e+26
5.90197933e+02 2.62616191e+26
5.90201228e+02 -1.22170461e+27
5.90204523e+02 -1.71868950e+27
5.90207819e+02 -4.75379572e+26
5.90211114e+02 -1.21887075e+27
5.90214409e+02 -1.73901621e+27
5.90217704e+02 1.95278279e+26
5.90220999e+02 -7.67831227e+26
5.90224294e+02 -6.88647982e+26
5.90227589e+02 -2.45000073e+26
5.90230884e+02 3.94721159e+26
5.90234180e+02 -4.62740202e+26
5.90237475e+02 -1.33636010e+27
5.90240770e+02 -7.80275214e+26
5.90244065e+02 -1.29521210e+27
5.90247360e+02 -3.17324908e+27
5.90250655e+02 -2.21882700e+27
5.90253950e+02 -5.49082964e+26
5.90257245e+02 -1.54141311e+27
5.90260540e+02 -2.48203387e+27
5.90263836e+02 -1.48529642e+27
5.90267131e+02 -1.71373667e+26
5.90270426e+02 -3.52791310e+26
5.90273721e+02 -7.66956268e+26
5.90277016e+02 -7.56863241e+26
5.90280311e+02 5.20621402e+26
5.90283606e+02 1.50820304e+26
5.90286901e+02 -9.66534232e+25
5.90290197e+02 -7.98777493e+25
5.90293492e+02 7.68629965e+26
5.90296787e+02 7.49314418e+26
5.90300082e+02 2.93733496e+27
5.90303377e+02 -4.32844222e+25
5.90306672e+02 -2.03937833e+27
5.90309967e+02 -1.67502717e+27
5.90313262e+02 -3.01151485e+27
5.90316557e+02 -4.79810351e+26
5.90319853e+02 1.49127956e+27
5.90323148e+02 3.05419771e+27
5.90326443e+02 2.48175396e+27
5.90329738e+02 1.84118450e+27
5.90333033e+02 1.48576577e+27
5.90336328e+02 1.40440461e+27
5.90339623e+02 9.16891532e+26
5.90342918e+02 -3.31155271e+26
5.90346214e+02 -5.84865301e+26
5.90349509e+02 -3.17658930e+26
5.90352804e+02 -6.30564614e+25
5.90356099e+02 3.91655702e+26
5.90359394e+02 1.01261303e+27
5.90362689e+02 -7.18925898e+26
5.90365984e+02 -1.36171452e+27
5.90369279e+02 -1.66085610e+27
5.90372574e+02 -2.32591057e+27
5.90375870e+02 -2.68623316e+27
5.90379165e+02 -2.13178033e+27
5.90382460e+02 -1.42697744e+27
5.90385755e+02 1.49414255e+26
5.90389050e+02 -7.12951957e+26
5.90392345e+02 1.00254984e+27
5.90395640e+02 4.38716912e+25
5.90398935e+02 -3.72289443e+26
5.90402231e+02 -6.28123505e+26
5.90405526e+02 -3.69069428e+25
5.90408821e+02 1.79908223e+26
5.90412116e+02 3.17311292e+24
5.90415411e+02 5.02436827e+26
