# Wavelength Flux(MR)
5.89097364e+02 -3.87071565e+27
5.89100659e+02 -6.45109157e+26
5.89103954e+02 -4.26796121e+26
5.89107249e+02 -2.37490441e+27
5.89110544e+02 -4.48271480e+26
5.89113839e+02 6.58546035e+26
5.89117135e+02 -8.57267623e+26
5.89120430e+02 -3.22876825e+27
5.89123725e+02 -6.08106675e+27
5.89127020e+02 -2.84408340e+27
5.89130315e+02 5.77091759e+26
5.89133610e+02 3.70651577e+27
5.89136905e+02 1.99853370e+27
5.89140200e+02 1.40810098e+27
5.89143496e+02 2.75228366e+27
5.89146791e+02 1.56100957e+27
5.89150086e+02 -6.20720847e+26
5.89153381e+02 1.80645621e+27
5.89156676e+02 1.99779349e+27
5.89159971e+02 -4.26557870e+25
5.89163266e+02 1.30124768e+27
5.89166561e+02 5.40164850e+26
5.89169856e+02 7.82811521e+26
5.89173152e+02 7.64009617e+26
5.89176447e+02 2.80419184e+27
5.89179742e+02 1.72714899e+27
5.89183037e+02 1.45793983e+27
5.89186332e+02 3.01954166e+25
5.89189627e+02 -2.60275228e+26
5.89192922e+02 4.39357528e+26
5.89196217e+02 1.35277117e+27
5.89199513e+02 -2.76624831e+27
5.89202808e+02 -2.75917365e+27
5.89206103e+02 -3.07210195e+27
5.89209398e+02 -2.73867628e+27
5.89212693e+02 6.34914297e+26
5.89215988e+02 7.48047849e+27
5.89219283e+02 2.27147061e+28
5.89222578e+02 4.64975740e+28
5.89225873e+02 6.38381140e+28
5.89229169e+02 6.22015109e+28
5.89232464e+02 3.90712804e+28
5.89235759e+02 1.58856290e+28
5.89239054e+02 4.40098200e+27
5.89242349e+02 2.59056945e+27
5.89245644e+02 -7.59797045e+25
5.89248939e+02 -2.92785866e+26
5.89252234e+02 1.40747840e+27
5.89255530e+02 -1.18413775e+27
5.89258825e+02 -2.98612240e+26
5.89262120e+02 -1.84307260e+27
5.89265415e+02 -5.90408558e+26
5.89268710e+02 3.79621841e+26
5.89272005e+02 -1.67457967e+27
5.89275300e+02 -1.10500080e+27
5.89278595e+02 -3.36218272e+27
5.89281890e+02 -1.47515052e+27
5.89285186e+02 -1.19520955e+27
5.89288481e+02 -4.99358156e+26
5.89291776e+02 1.29622103e+27
5.89295071e+02 3.49847153e+27
5.89298366e+02 1.41283201e+26
5.89301661e+02 3.49451699e+26
5.89304956e+02 -1.03718912e+26
5.89308251e+02 -8.46066025e+26
5.89311547e+02 -1.20798867e+27
5.89314842e+02 1.69435826e+27
5.89318137e+02 8.58028715e+26
5.89321432e+02 -3.14989232e+26
5.89324727e+02 -1.92937856e+27
5.89328022e+02 -2.69032592e+27
5.89331317e+02 -1.30843643e+27
5.89334612e+02 7.67457490e+26
5.89337907e+02 3.11116326e+27
5.89341203e+02 9.44279939e+26
5.89344498e+02 2.08999739e+27
5.89347793e+02 1.16567990e+27
5.89351088e+02 -1.23817033e+27
5.89354383e+02 -1.81371996e+27
5.89357678e+02 -1.37634735e+27
5.89360973e+02 -1.30795482e+27
5.89364268e+02 -1.31184381e+27
5.89367564e+02 -1.32294179e+27
5.89370859e+02 1.08634050e+26
5.89374154e+02 -8.05442093e+26
5.89377449e+02 -1.88994812e+27
5.89380744e+02 -1.66412002e+27
5.89384039e+02 2.86356922e+27
5.89387334e+02 1.49514604e+27
5.89390629e+02 1.40230699e+27
5.89393924e+02 -1.42439007e+26
5.89397220e+02 -4.55278949e+27
5.89400515e+02 -3.59219467e+27
5.89403810e+02 -1.98159519e+27
5.89407105e+02 1.06838024e+27
5.89410400e+02 1.73227201e+27
5.89413695e+02 2.18400759e+27
5.89416990e+02 1.90559732e+27
5.89420285e+02 2.25186828e+27
5.89423581e+02 -1.39084745e+27
5.89426876e+02 -1.69661850e+27
5.89430171e+02 -4.54513827e+26
5.89433466e+02 -1.73436809e+27
5.89436761e+02 -1.84281167e+27
5.89440056e+02 -4.31694288e+25
5.89443351e+02 1.36203944e+27
5.89446646e+02 1.37998582e+27
5.89449941e+02 -1.46772955e+27
5.89453237e+02 4.43793150e+26
5.89456532e+02 1.93230538e+27
5.89459827e+02 -3.38037264e+26
5.89463122e+02 -1.02427574e+27
5.89466417e+02 -2.66016815e+27
5.89469712e+02 -1.56988613e+27
5.89473007e+02 8.01468414e+26
5.89476302e+02 2.72693901e+27
5.89479598e+02 -4.86862514e+26
5.89482893e+02 -2.31682285e+25
5.89486188e+02 -1.17393959e+27
5.89489483e+02 -9.53376233e+26
5.89492778e+02 -1.44798298e+27
5.89496073e+02 -3.86045270e+27
5.89499368e+02 -9.58780455e+26
5.89502663e+02 -3.58111309e+27
5.89505959e+02 -3.56150880e+27
5.89509254e+02 -2.78939224e+27
5.89512549e+02 -8.28411739e+26
5.89515844e+02 1.25778553e+27
5.89519139e+02 1.98991736e+27
5.89522434e+02 1.26608146e+27
5.89525729e+02 4.01495031e+27
5.89529024e+02 -4.07122923e+26
5.89532319e+02 1.47199859e+27
5.89535615e+02 -8.77994520e+26
5.89538910e+02 -2.94153769e+27
5.89542205e+02 3.17945761e+26
5.89545500e+02 1.86121173e+27
5.89548795e+02 -1.31910842e+27
5.89552090e+02 -9.04204892e+26
5.89555385e+02 -5.40967597e+26
5.89558680e+02 -3.20392212e+27
5.89561976e+02 -7.91950348e+26
5.89565271e+02 -4.94670193e+27
5.89568566e+02 -2.58462601e+27
5.89571861e+02 -3.99245117e+27
5.89575156e+02 -3.27749224e+27
5.89578451e+02 -2.78674614e+27
5.89581746e+02 -9.59967007e+26
5.89585041e+02 1.22890775e+27
5.89588336e+02 7.66370873e+25
5.89591632e+02 9.01040284e+26
5.89594927e+02 -1.79945237e+27
5.89598222e+02 -2.71278336e+27
5.89601517e+02 -4.84416127e+26
5.89604812e+02 -7.50072290e+26
5.89608107e+02 9.40417403e+26
5.89611402e+02 1.03089268e+27
5.89614697e+02 -1.78387419e+27
5.89617993e+02 -3.09191021e+27
5.89621288e+02 -2.53702399e+27
5.89624583e+02 -1.00023357e+27
5.89627878e+02 -8.13238368e+26
5.89631173e+02 -1.75577848e+27
5.89634468e+02 -1.35437269e+27
5.89637763e+02 -3.93172848e+26
5.89641058e+02 -5.66776834e+26
5.89644353e+02 -3.35003791e+27
5.89647649e+02 -2.92629132e+27
5.89650944e+02 -1.66563516e+27
5.89654239e+02 -1.41365033e+27
5.89657534e+02 -8.02435238e+26
5.89660829e+02 -8.39823359e+26
5.89664124e+02 -1.16296981e+27
5.89667419e+02 -8.62055149e+26
5.89670714e+02 5.48892561e+26
5.89674010e+02 -1.70175757e+27
5.89677305e+02 -8.68875129e+26
5.89680600e+02 -1.42520723e+27
5.89683895e+02 1.55534900e+27
5.89687190e+02 -5.90827893e+26
5.89690485e+02 -6.71229201e+26
5.89693780e+02 3.50536064e+25
5.89697075e+02 -2.09407296e+27
5.89700370e+02 -2.52487603e+27
5.89703666e+02 -3.41335056e+27
5.89706961e+02 -7.68734777e+26
5.89710256e+02 -2.28068612e+27
5.89713551e+02 -3.13931374e+27
5.89716846e+02 -3.33409832e+27
5.89720141e+02 -2.07272332e+27
5.89723436e+02 -1.59476744e+27
5.89726731e+02 -2.47211079e+27
5.89730027e+02 -1.97050884e+27
5.89733322e+02 -6.22317063e+26
5.89736617e+02 4.90058591e+26
5.89739912e+02 1.42362418e+27
5.89743207e+02 1.43508325e+27
5.89746502e+02 2.09869393e+27
5.89749797e+02 4.99811329e+26
5.89753092e+02 1.62692865e+27
5.89756387e+02 -3.85710733e+26
5.89759683e+02 1.56926548e+27
5.89762978e+02 1.27790065e+27
5.89766273e+02 1.89980782e+27
5.89769568e+02 8.65774703e+26
5.89772863e+02 -1.80220625e+27
5.89776158e+02 7.38561146e+26
5.89779453e+02 7.35552296e+26
5.89782748e+02 5.55406830e+26
5.89786044e+02 -9.51713876e+26
5.89789339e+02 -1.73198242e+27
5.89792634e+02 -1.90140855e+27
5.89795929e+02 -4.41416073e+27
5.89799224e+02 -5.92038496e+27
5.89802519e+02 -3.38852883e+27
5.89805814e+02 -3.87646685e+27
5.89809109e+02 -2.36836851e+27
5.89812404e+02 3.09078265e+27
5.89815700e+02 1.61246250e+28
5.89818995e+02 3.13528381e+28
5.89822290e+02 4.37149002e+28
5.89825585e+02 5.04341190e+28
5.89828880e+02 3.93602025e+28
5.89832175e+02 2.02839368e+28
5.89835470e+02 1.01697144e+28
5.89838765e+02 1.74547080e+27
5.89842061e+02 -1.51719481e+27
5.89845356e+02 -7.84116926e+26
5.89848651e+02 -1.87516418e+27
5.89851946e+02 8.56147377e+26
5.89855241e+02 2.03889842e+27
5.89858536e+02 9.45157661e+26
5.89861831e+02 2.52122377e+26
5.89865126e+02 1.48147520e+26
5.89868421e+02 -2.48276745e+27
5.89871717e+02 -5.80186386e+26
5.89875012e+02 -1.18874496e+27
5.89878307e+02 1.34446989e+26
5.89881602e+02 7.96073489e+26
5.89884897e+02 -1.33005826e+27
5.89888192e+02 -2.56297237e+27
5.89891487e+02 4.27921427e+26
5.89894782e+02 -1.10665594e+27
5.89898078e+02 -8.22363221e+25
5.89901373e+02 6.43699055e+26
5.89904668e+02 -1.49640437e+27
5.89907963e+02 -6.32316410e+26
5.89911258e+02 -1.05719738e+27
5.89914553e+02 -7.57749087e+26
5.89917848e+02 1.59743181e+27
5.89921143e+02 5.82526916e+25
5.89924438e+02 9.27846777e+25
5.89927734e+02 -1.35605428e+27
5.89931029e+02 -6.06540657e+26
5.89934324e+02 -3.70565698e+27
5.89937619e+02 -1.28934372e+27
5.89940914e+02 -3.70525837e+25
5.89944209e+02 1.24959208e+27
5.89947504e+02 -1.26409699e+26
5.89950799e+02 -1.44067820e+27
5.89954095e+02 4.68681239e+26
5.89957390e+02 4.53505410e+26
5.89960685e+02 2.17725285e+27
5.89963980e+02 2.81209452e+27
5.89967275e+02 1.77566105e+27
5.89970570e+02 4.29094527e+26
5.89973865e+02 -1.94399166e+27
5.89977160e+02 -5.13783698e+26
5.89980455e+02 -1.27028487e+27
5.89983751e+02 1.35497649e+26
5.89987046e+02 1.35916697e+27
5.89990341e+02 1.91423603e+27
5.89993636e+02 6.82555578e+26
5.89996931e+02 1.90172111e+26
5.90000226e+02 2.20780217e+27
5.90003521e+02 1.45115477e+27
5.90006816e+02 2.90116350e+26
5.90010112e+02 -5.33071968e+26
5.90013407e+02 8.45132442e+25
5.90016702e+02 -1.60930407e+27
5.90019997e+02 -1.48600807e+27
5.90023292e+02 -5.58920092e+26
5.90026587e+02 -1.10280365e+26
5.90029882e+02 -1.68674128e+27
5.90033177e+02 -2.67979796e+27
5.90036472e+02 -5.24328154e+26
5.90039768e+02 -1.22503236e+27
5.90043063e+02 -6.52588972e+26
5.90046358e+02 -1.64988934e+26
5.90049653e+02 1.59863988e+27
5.90052948e+02 5.76104777e+25
5.90056243e+02 -1.00664067e+27
5.90059538e+02 -2.41515120e+27
5.90062833e+02 -7.73361183e+26
5.90066129e+02 -5.44665678e+26
5.90069424e+02 -2.75046985e+25
5.90072719e+02 -8.26058829e+26
5.90076014e+02 6.71956994e+26
5.90079309e+02 1.15990542e+27
5.90082604e+02 1.17940346e+27
5.90085899e+02 -9.83912607e+26
5.90089194e+02 -7.45382552e+26
5.90092489e+02 -2.60233150e+27
5.90095785e+02 -1.20507718e+27
5.90099080e+02 -7.99189833e+26
5.90102375e+02 -5.77637675e+26
5.90105670e+02 -1.16163125e+27
5.90108965e+02 1.90200318e+26
5.90112260e+02 -2.24834697e+27
5.90115555e+02 -2.51658730e+27
5.90118850e+02 -1.46400951e+27
5.90122146e+02 2.63313262e+26
5.90125441e+02 -3.44988565e+27
5.90128736e+02 -3.18989484e+27
5.90132031e+02 4.95028033e+26
5.90135326e+02 6.17165690e+26
5.90138621e+02 -1.26693182e+27
5.90141916e+02 7.35986405e+26
5.90145211e+02 -2.71066669e+26
5.90148506e+02 6.35345990e+26
5.90151802e+02 3.24765152e+26
5.90155097e+02 5.47294098e+26
5.90158392e+02 -9.33072950e+26
5.90161687e+02 -2.04113155e+27
5.90164982e+02 -1.92159880e+27
5.90168277e+02 -1.70210334e+27
5.90171572e+02 -8.99043773e+26
5.90174867e+02 2.02583343e+26
5.90178163e+02 1.45584310e+27
5.90181458e+02 2.83941566e+27
5.90184753e+02 2.06369932e+27
5.90188048e+02 2.05971992e+27
5.90191343e+02 4.66576051e+27
5.90194638e+02 1.26085721e+27
5.90197933e+02 -2.33598392e+26
5.90201228e+02 -1.40488572e+26
5.90204523e+02 -6.43355583e+26
5.90207819e+02 -2.05924710e+27
5.90211114e+02 -1.41044454e+27
5.90214409e+02 -1.82840296e+26
5.90217704e+02 -1.54198734e+27
5.90220999e+02 -6.00277808e+26
5.90224294e+02 1.41174590e+27
5.90227589e+02 -1.72420686e+27
5.90230884e+02 -1.70723658e+27
5.90234180e+02 -1.21884628e+27
5.90237475e+02 -3.51880887e+27
5.90240770e+02 -1.16387736e+27
5.90244065e+02 -1.29224454e+27
5.90247360e+02 -1.11622239e+27
5.90250655e+02 -1.24788404e+27
5.90253950e+02 -2.51599750e+27
5.90257245e+02 -2.73372797e+27
5.90260540e+02 -4.03687494e+27
5.90263836e+02 -4.81880908e+26
5.90267131e+02 -4.26748975e+26
5.90270426e+02 -2.08487131e+27
5.90273721e+02 1.54021167e+27
5.90277016e+02 4.64262389e+26
5.90280311e+02 -5.93809881e+26
5.90283606e+02 3.27156716e+26
5.90286901e+02 -4.84922635e+26
5.90290197e+02 -1.22270255e+27
5.90293492e+02 2.27564521e+27
5.90296787e+02 2.37851200e+27
5.90300082e+02 2.32727498e+27
5.90303377e+02 1.80166903e+27
5.90306672e+02 -6.75742673e+26
5.90309967e+02 -3.29703571e+27
5.90313262e+02 -3.07251134e+27
5.90316557e+02 -1.14674317e+27
5.90319853e+02 -8.53075697e+26
5.90323148e+02 5.47115257e+26
5.90326443e+02 1.14841309e+26
5.90329738e+02 1.59290404e+26
5.90333033e+02 3.71383708e+26
5.90336328e+02 2.37921840e+27
5.90339623e+02 -1.02095700e+27
5.90342918e+02 1.46755255e+27
5.90346214e+02 -7.87096170e+26
5.90349509e+02 3.60644952e+26
5.90352804e+02 5.51646639e+26
5.90356099e+02 1.55923673e+27
5.90359394e+02 2.22053784e+27
5.90362689e+02 -1.23308998e+27
5.90365984e+02 3.18299402e+26
5.90369279e+02 -8.96426843e+26
5.90372574e+02 -1.88307619e+27
5.90375870e+02 -3.63982358e+27
5.90379165e+02 -2.36022856e+27
5.90382460e+02 -2.56980885e+27
5.90385755e+02 -3.19570315e+27
5.90389050e+02 -2.94585162e+27
5.90392345e+02 1.04663637e+26
5.90395640e+02 9.58421446e+26
5.90398935e+02 -8.51516505e+26
5.90402231e+02 -1.69994839e+27
5.90405526e+02 5.65344542e+25
5.90408821e+02 7.15308696e+26
5.90412116e+02 -3.00763230e+27
5.90415411e+02 9.21658859e+25
