# Wavelength Flux(MR)
5.89097364e+02 -5.34048214e+28
5.89100659e+02 -1.21216395e+28
5.89103954e+02 2.57523105e+28
5.89107249e+02 4.42602478e+28
5.89110544e+02 3.84631849e+28
5.89113839e+02 1.64337864e+28
5.89117135e+02 5.23099416e+27
5.89120430e+02 -1.32771445e+27
5.89123725e+02 -7.10503828e+27
5.89127020e+02 4.68704699e+27
5.89130315e+02 8.62064891e+27
5.89133610e+02 1.37525212e+28
5.89136905e+02 8.98387922e+27
5.89140200e+02 9.65776924e+27
5.89143496e+02 5.33478872e+27
5.89146791e+02 8.96499681e+27
5.89150086e+02 7.92267881e+27
5.89153381e+02 4.34473377e+27
5.89156676e+02 4.62978399e+27
5.89159971e+02 4.19497274e+27
5.89163266e+02 4.36372544e+27
5.89166561e+02 5.84228968e+27
5.89169856e+02 9.71663906e+27
5.89173152e+02 1.39169276e+28
5.89176447e+02 1.84299262e+28
5.89179742e+02 1.07628444e+28
5.89183037e+02 8.17415450e+27
5.89186332e+02 3.00187659e+27
5.89189627e+02 8.05233764e+27
5.89192922e+02 6.07284869e+27
5.89196217e+02 7.63600744e+26
5.89199513e+02 4.23912614e+27
5.89202808e+02 2.35910635e+27
5.89206103e+02 1.54391965e+27
5.89209398e+02 3.84054410e+27
5.89212693e+02 1.40558678e+27
5.89215988e+02 -2.15051230e+27
5.89219283e+02 -2.05784131e+27
5.89222578e+02 7.47557307e+25
5.89225873e+02 6.83421155e+27
5.89229169e+02 2.11379488e+27
5.89232464e+02 3.18312048e+27
5.89235759e+02 1.78446888e+27
5.89239054e+02 5.67973866e+27
5.89242349e+02 7.13040347e+27
5.89245644e+02 5.22943323e+27
5.89248939e+02 6.30227150e+27
5.89252234e+02 3.55342505e+26
5.89255530e+02 6.69832717e+27
5.89258825e+02 5.82504027e+27
5.89262120e+02 3.19473908e+27
5.89265415e+02 3.83577969e+27
5.89268710e+02 2.80125799e+27
5.89272005e+02 -3.42205451e+27
5.89275300e+02 2.83964465e+27
5.89278595e+02 1.43010263e+27
5.89281890e+02 3.13569662e+27
5.89285186e+02 8.70224709e+27
5.89288481e+02 1.03971548e+28
5.89291776e+02 4.43170474e+27
5.89295071e+02 -5.77384858e+26
5.89298366e+02 -2.41520357e+27
5.89301661e+02 -1.71561052e+26
5.89304956e+02 -6.22373710e+27
5.89308251e+02 2.88010884e+27
5.89311547e+02 -1.51827630e+27
5.89314842e+02 6.16839193e+27
5.89318137e+02 7.21917793e+27
5.89321432e+02 1.75443471e+27
5.89324727e+02 -8.99353128e+27
5.89328022e+02 -5.06990027e+27
5.89331317e+02 5.57250443e+27
5.89334612e+02 1.42319722e+28
5.89337907e+02 1.34280967e+28
5.89341203e+02 1.29018947e+28
5.89344498e+02 7.75233684e+27
5.89347793e+02 4.41260804e+27
5.89351088e+02 2.77914649e+27
5.89354383e+02 1.00032691e+27
5.89357678e+02 5.55735541e+27
5.89360973e+02 3.84373339e+27
5.89364268e+02 4.87021638e+27
5.89367564e+02 4.19265463e+27
5.89370859e+02 -6.12936905e+27
5.89374154e+02 -4.07393468e+27
5.89377449e+02 -5.25183619e+27
5.89380744e+02 -8.22474603e+26
5.89384039e+02 -1.43926448e+27
5.89387334e+02 8.82421841e+25
5.89390629e+02 2.46727182e+27
5.89393924e+02 -7.71825220e+27
5.89397220e+02 -8.22127486e+27
5.89400515e+02 -4.59728214e+27
5.89403810e+02 -1.59961711e+27
5.89407105e+02 4.62584175e+27
5.89410400e+02 6.12910557e+27
5.89413695e+02 4.74878052e+27
5.89416990e+02 -1.29042064e+26
5.89420285e+02 2.77037800e+27
5.89423581e+02 1.63560029e+27
5.89426876e+02 -1.39360239e+26
5.89430171e+02 1.40053899e+27
5.89433466e+02 1.07633568e+27
5.89436761e+02 -2.10559665e+27
5.89440056e+02 -1.70155502e+27
5.89443351e+02 -1.83980047e+27
5.89446646e+02 -5.56377330e+27
5.89449941e+02 -5.37687490e+27
5.89453237e+02 4.19267375e+27
5.89456532e+02 4.82914429e+27
5.89459827e+02 5.37248079e+27
5.89463122e+02 4.02230314e+26
5.89466417e+02 -1.19212005e+27
5.89469712e+02 1.88289545e+27
5.89473007e+02 5.05737437e+27
5.89476302e+02 4.39251220e+27
5.89479598e+02 -6.10055117e+26
5.89482893e+02 1.05412873e+27
5.89486188e+02 4.01804980e+27
5.89489483e+02 -6.34268790e+26
5.89492778e+02 -4.33884877e+27
5.89496073e+02 -4.03560238e+27
5.89499368e+02 -2.55561765e+27
5.89502663e+02 -5.30633285e+27
5.89505959e+02 -3.22897188e+27
5.89509254e+02 -2.49023208e+27
5.89512549e+02 -8.88573801e+27
5.89515844e+02 -6.46502425e+27
5.89519139e+02 2.89906302e+26
5.89522434e+02 8.58907629e+27
5.89525729e+02 1.42979778e+27
5.89529024e+02 -2.79151895e+27
5.89532319e+02 -5.15711857e+27
5.89535615e+02 -3.90795809e+27
5.89538910e+02 3.02209951e+25
5.89542205e+02 -3.29720783e+27
5.89545500e+02 -4.76558458e+25
5.89548795e+02 -2.66529564e+25
5.89552090e+02 -1.93656664e+27
5.89555385e+02 -4.78656963e+27
5.89558680e+02 -1.11290673e+27
5.89561976e+02 -1.06159789e+27
5.89565271e+02 -1.21136997e+27
5.89568566e+02 -3.43116172e+27
5.89571861e+02 -3.94706865e+27
5.89575156e+02 -2.76345913e+27
5.89578451e+02 4.02217446e+26
5.89581746e+02 1.40221480e+27
5.89585041e+02 -2.50393191e+27
5.89588336e+02 -1.33242868e+27
5.89591632e+02 -2.49784264e+27
5.89594927e+02 -5.22484950e+27
5.89598222e+02 -7.25628405e+27
5.89601517e+02 -1.27337092e+26
5.89604812e+02 6.05572576e+26
5.89608107e+02 1.23625607e+27
5.89611402e+02 1.70083771e+27
5.89614697e+02 -4.95576181e+27
5.89617993e+02 -3.29779553e+27
5.89621288e+02 -2.22486165e+27
5.89624583e+02 -1.76211130e+27
5.89627878e+02 -9.43741186e+26
5.89631173e+02 -1.21453647e+27
5.89634468e+02 -2.81713985e+27
5.89637763e+02 6.07813059e+26
5.89641058e+02 -2.47701763e+27
5.89644353e+02 5.65275218e+27
5.89647649e+02 3.28130063e+27
5.89650944e+02 8.07731161e+27
5.89654239e+02 -3.20997815e+26
5.89657534e+02 5.89911785e+27
5.89660829e+02 -5.12531604e+26
5.89664124e+02 1.84546050e+26
5.89667419e+02 1.03962241e+27
5.89670714e+02 5.20310830e+27
5.89674010e+02 3.68876605e+27
5.89677305e+02 4.40841734e+25
5.89680600e+02 2.68741865e+27
5.89683895e+02 -3.89813638e+26
5.89687190e+02 -4.28111670e+27
5.89690485e+02 -2.55560167e+27
5.89693780e+02 -1.51365032e+27
5.89697075e+02 7.81491734e+27
5.89700370e+02 1.70650670e+28
5.89703666e+02 2.65405407e+28
5.89706961e+02 2.55313144e+28
5.89710256e+02 1.78455876e+28
5.89713551e+02 5.11018936e+27
5.89716846e+02 -4.32475280e+27
5.89720141e+02 -4.04306910e+27
5.89723436e+02 1.52896133e+27
5.89726731e+02 -1.97714316e+26
5.89730027e+02 2.94125138e+27
5.89733322e+02 -9.38503634e+25
5.89736617e+02 1.20831246e+27
5.89739912e+02 7.53610133e+27
5.89743207e+02 6.14876189e+27
5.89746502e+02 8.93531470e+27
5.89749797e+02 5.41038947e+27
5.89753092e+02 1.02724469e+28
5.89756387e+02 9.68318297e+27
5.89759683e+02 9.52876835e+27
5.89762978e+02 9.24171100e+27
5.89766273e+02 5.13550557e+27
5.89769568e+02 7.28755793e+27
5.89772863e+02 1.13388745e+28
5.89776158e+02 6.79277057e+27
5.89779453e+02 6.54163875e+27
5.89782748e+02 5.15706666e+27
5.89786044e+02 5.26004583e+27
5.89789339e+02 -2.38815170e+27
5.89792634e+02 -1.11292752e+27
5.89795929e+02 -3.87839540e+27
5.89799224e+02 -4.94596029e+27
5.89802519e+02 -1.68097843e+27
5.89805814e+02 -4.67066968e+27
5.89809109e+02 -3.33300992e+27
5.89812404e+02 -4.37167343e+27
5.89815700e+02 -4.34241463e+27
5.89818995e+02 1.34539305e+27
5.89822290e+02 1.85407837e+27
5.89825585e+02 -1.49570980e+27
5.89828880e+02 -5.88725311e+27
5.89832175e+02 -1.59685331e+27
5.89835470e+02 -4.77754040e+27
5.89838765e+02 -4.21350445e+27
5.89842061e+02 -7.95089066e+27
5.89845356e+02 -6.71587095e+27
5.89848651e+02 -7.69695827e+27
5.89851946e+02 9.38555745e+27
5.89855241e+02 2.08306163e+27
5.89858536e+02 5.02116597e+27
5.89861831e+02 4.74765780e+27
5.89865126e+02 8.38197308e+26
5.89868421e+02 -2.15915685e+27
5.89871717e+02 8.57023728e+27
5.89875012e+02 -2.61282553e+27
5.89878307e+02 2.18519074e+27
5.89881602e+02 3.19586956e+27
5.89884897e+02 -1.07442391e+27
5.89888192e+02 7.29933732e+26
5.89891487e+02 -2.19206026e+25
5.89894782e+02 -9.01869479e+26
5.89898078e+02 -2.52954030e+27
5.89901373e+02 3.38660840e+27
5.89904668e+02 -4.50073266e+26
5.89907963e+02 -2.71098419e+26
5.89911258e+02 -3.42049806e+27
5.89914553e+02 1.67150941e+27
5.89917848e+02 1.50135106e+27
5.89921143e+02 -1.73491145e+27
5.89924438e+02 -2.12665084e+27
5.89927734e+02 -2.07841314e+27
5.89931029e+02 1.24215219e+27
5.89934324e+02 1.15508862e+27
5.89937619e+02 -1.47285265e+27
5.89940914e+02 -6.53320925e+26
5.89944209e+02 4.13794464e+27
5.89947504e+02 7.24621230e+27
5.89950799e+02 1.08571884e+27
5.89954095e+02 3.07354136e+27
5.89957390e+02 2.53100695e+27
5.89960685e+02 2.77354085e+27
5.89963980e+02 9.09705028e+27
5.89967275e+02 1.49317900e+28
5.89970570e+02 7.11311316e+27
5.89973865e+02 5.67220067e+27
5.89977160e+02 -8.56669148e+26
5.89980455e+02 -7.29586288e+27
5.89983751e+02 4.38012574e+27
5.89987046e+02 1.16903881e+28
5.89990341e+02 1.37217168e+28
5.89993636e+02 7.97824535e+27
5.89996931e+02 7.01591623e+27
5.90000226e+02 4.57373151e+27
5.90003521e+02 -8.37230125e+26
5.90006816e+02 -1.14846688e+27
5.90010112e+02 3.06124054e+27
5.90013407e+02 -1.45123494e+27
5.90016702e+02 -3.18250274e+27
5.90019997e+02 -4.22885887e+26
5.90023292e+02 -1.83093251e+27
5.90026587e+02 -5.12132189e+27
5.90029882e+02 -1.06258825e+28
5.90033177e+02 -1.09958311e+28
5.90036472e+02 -9.02048483e+27
5.90039768e+02 -5.06123168e+27
5.90043063e+02 -3.36754016e+27
5.90046358e+02 -2.22457672e+25
5.90049653e+02 -2.19273785e+27
5.90052948e+02 2.74202959e+27
5.90056243e+02 2.36148635e+27
5.90059538e+02 -2.48015875e+27
5.90062833e+02 -8.91836605e+27
5.90066129e+02 -3.16498388e+27
5.90069424e+02 -6.23657988e+26
5.90072719e+02 6.13044906e+27
5.90076014e+02 6.69971722e+27
5.90079309e+02 6.35010041e+27
5.90082604e+02 3.69246070e+27
5.90085899e+02 -4.70015618e+26
5.90089194e+02 -8.20594043e+27
5.90092489e+02 -4.94804642e+27
5.90095785e+02 -3.57887454e+27
5.90099080e+02 -3.48025349e+27
5.90102375e+02 2.12357877e+27
5.90105670e+02 3.63598345e+26
5.90108965e+02 -2.34027110e+27
5.90112260e+02 1.30649830e+27
5.90115555e+02 1.44377962e+27
5.90118850e+02 -8.60989785e+24
5.90122146e+02 1.15145847e+27
5.90125441e+02 2.01126859e+27
5.90128736e+02 -8.66383994e+26
5.90132031e+02 1.20264582e+27
5.90135326e+02 -2.11278680e+27
5.90138621e+02 1.37105764e+27
5.90141916e+02 1.13565567e+27
5.90145211e+02 -2.16793860e+27
5.90148506e+02 -9.04879300e+26
5.90151802e+02 4.87170790e+26
5.90155097e+02 -3.45680103e+25
5.90158392e+02 -7.61992309e+27
5.90161687e+02 -9.46317573e+27
5.90164982e+02 -9.95633283e+27
5.90168277e+02 -1.19159116e+28
5.90171572e+02 -4.45600949e+27
5.90174867e+02 -3.93800283e+27
5.90178163e+02 5.23230297e+25
5.90181458e+02 1.15304901e+27
5.90184753e+02 -8.82713413e+26
5.90188048e+02 -2.93953486e+27
5.90191343e+02 2.01218437e+26
5.90194638e+02 -9.39378931e+26
5.90197933e+02 1.45562398e+26
5.90201228e+02 -8.88829347e+26
5.90204523e+02 -4.90061689e+27
5.90207819e+02 -8.97659280e+27
5.90211114e+02 -7.45554420e+27
5.90214409e+02 -7.57416620e+27
5.90217704e+02 -8.57667762e+26
5.90220999e+02 -4.85398078e+27
5.90224294e+02 -1.26004471e+27
5.90227589e+02 -4.99949030e+27
5.90230884e+02 -9.80364401e+26
5.90234180e+02 9.26038689e+26
5.90237475e+02 -2.50126730e+27
5.90240770e+02 -6.87606009e+27
5.90244065e+02 -7.11198441e+26
5.90247360e+02 -1.80728573e+27
5.90250655e+02 -6.62042110e+27
5.90253950e+02 -1.12154545e+28
5.90257245e+02 -1.15190565e+28
5.90260540e+02 -4.65030007e+27
5.90263836e+02 -2.17278351e+27
5.90267131e+02 -7.28130695e+27
5.90270426e+02 -6.34118178e+27
5.90273721e+02 -5.07713659e+27
5.90277016e+02 -5.15992904e+27
5.90280311e+02 -2.73558157e+27
5.90283606e+02 -5.04051916e+27
5.90286901e+02 -9.48160142e+27
5.90290197e+02 -5.32793911e+27
5.90293492e+02 -2.31735381e+27
5.90296787e+02 5.67059094e+27
5.90300082e+02 5.39396315e+27
5.90303377e+02 -1.71521744e+27
5.90306672e+02 -7.63096921e+27
5.90309967e+02 -1.32508505e+28
5.90313262e+02 -1.22777856e+28
5.90316557e+02 -5.20348912e+27
5.90319853e+02 -2.09674743e+27
5.90323148e+02 -5.57499858e+27
5.90326443e+02 -4.29066403e+27
5.90329738e+02 -7.37358457e+27
5.90333033e+02 -1.09919100e+28
5.90336328e+02 -1.01524048e+28
5.90339623e+02 -4.98383743e+27
5.90342918e+02 -2.84875234e+27
5.90346214e+02 -3.02239053e+27
5.90349509e+02 -4.78450456e+27
5.90352804e+02 -9.89802149e+27
5.90356099e+02 -1.02787075e+28
5.90359394e+02 -3.04322410e+27
5.90362689e+02 -7.85130365e+27
5.90365984e+02 -2.58235290e+27
5.90369279e+02 -4.66953371e+26
5.90372574e+02 -2.96305729e+27
5.90375870e+02 -5.90101831e+27
5.90379165e+02 -6.75942894e+27
5.90382460e+02 -2.13081779e+27
5.90385755e+02 -1.59878632e+27
5.90389050e+02 4.51659561e+26
5.90392345e+02 6.05360063e+27
5.90395640e+02 2.98697575e+27
5.90398935e+02 4.48532973e+27
5.90402231e+02 2.92193040e+27
5.90405526e+02 1.23936095e+27
5.90408821e+02 -1.99756236e+27
5.90412116e+02 1.22784128e+28
5.90415411e+02 3.28465330e+28
