# Wavelength Flux(MR)
5.89097364e+02 -5.76638912e+28
5.89100659e+02 -1.39172191e+28
5.89103954e+02 2.71462249e+28
5.89107249e+02 4.36921444e+28
5.89110544e+02 3.37324926e+28
5.89113839e+02 1.51554760e+28
5.89117135e+02 6.12512365e+27
5.89120430e+02 1.10102521e+27
5.89123725e+02 -1.43444057e+27
5.89127020e+02 3.69327613e+27
5.89130315e+02 8.58740561e+27
5.89133610e+02 1.73100991e+28
5.89136905e+02 1.25218762e+28
5.89140200e+02 7.55468004e+27
5.89143496e+02 4.39675414e+27
5.89146791e+02 2.56816773e+27
5.89150086e+02 -4.06322291e+26
5.89153381e+02 4.75863011e+27
5.89156676e+02 4.24578863e+27
5.89159971e+02 1.85906517e+27
5.89163266e+02 -2.30974519e+27
5.89166561e+02 -2.37256282e+27
5.89169856e+02 -3.11345408e+27
5.89173152e+02 3.42940960e+27
5.89176447e+02 1.42663197e+28
5.89179742e+02 1.16330065e+28
5.89183037e+02 3.19715587e+27
5.89186332e+02 5.63433599e+27
5.89189627e+02 4.90074601e+27
5.89192922e+02 4.34744409e+27
5.89196217e+02 3.49810861e+27
5.89199513e+02 1.56679339e+27
5.89202808e+02 3.87442186e+27
5.89206103e+02 4.98562965e+27
5.89209398e+02 1.95490165e+27
5.89212693e+02 -1.70664331e+27
5.89215988e+02 -5.22803865e+27
5.89219283e+02 3.25522493e+26
5.89222578e+02 3.57361398e+25
5.89225873e+02 6.38812670e+27
5.89229169e+02 7.01778701e+27
5.89232464e+02 2.22775647e+27
5.89235759e+02 1.55817601e+27
5.89239054e+02 7.25004604e+27
5.89242349e+02 4.07196969e+27
5.89245644e+02 2.55123952e+27
5.89248939e+02 9.99941491e+26
5.89252234e+02 3.90189488e+27
5.89255530e+02 1.52657958e+27
5.89258825e+02 3.54081170e+27
5.89262120e+02 7.94823685e+27
5.89265415e+02 2.66719162e+27
5.89268710e+02 2.53465770e+27
5.89272005e+02 2.35856980e+26
5.89275300e+02 4.22009892e+26
5.89278595e+02 2.92515107e+27
5.89281890e+02 4.12572329e+27
5.89285186e+02 2.43386130e+27
5.89288481e+02 2.01803610e+27
5.89291776e+02 8.19348098e+26
5.89295071e+02 -8.22458345e+26
5.89298366e+02 2.02790381e+27
5.89301661e+02 -1.05947401e+26
5.89304956e+02 -7.54490534e+26
5.89308251e+02 -4.56811677e+27
5.89311547e+02 -5.26647559e+27
5.89314842e+02 -7.70782523e+26
5.89318137e+02 -1.79117134e+27
5.89321432e+02 -5.44698792e+27
5.89324727e+02 -9.62576334e+27
5.89328022e+02 -6.15696861e+27
5.89331317e+02 5.94998400e+27
5.89334612e+02 1.66699669e+28
5.89337907e+02 1.48181356e+28
5.89341203e+02 9.83157575e+27
5.89344498e+02 5.88275782e+27
5.89347793e+02 5.57194022e+27
5.89351088e+02 6.81247062e+27
5.89354383e+02 5.77548175e+27
5.89357678e+02 6.07857123e+27
5.89360973e+02 1.53572477e+27
5.89364268e+02 -1.03193047e+27
5.89367564e+02 -3.69909914e+26
5.89370859e+02 -1.26729845e+27
5.89374154e+02 -2.08478651e+27
5.89377449e+02 -2.22834392e+27
5.89380744e+02 -4.88274438e+27
5.89384039e+02 -5.40174641e+27
5.89387334e+02 -1.18461214e+28
5.89390629e+02 -9.42397493e+27
5.89393924e+02 -6.32387701e+27
5.89397220e+02 -2.55880694e+27
5.89400515e+02 1.70969908e+26
5.89403810e+02 6.67232662e+27
5.89407105e+02 1.27966500e+28
5.89410400e+02 1.26688381e+28
5.89413695e+02 1.22169839e+28
5.89416990e+02 9.04691707e+27
5.89420285e+02 3.02087292e+27
5.89423581e+02 1.47260349e+26
5.89426876e+02 5.37410048e+27
5.89430171e+02 1.49832936e+27
5.89433466e+02 2.08066664e+27
5.89436761e+02 3.27342487e+27
5.89440056e+02 -1.93583440e+27
5.89443351e+02 9.79797371e+26
5.89446646e+02 -1.60524580e+26
5.89449941e+02 -1.97111851e+27
5.89453237e+02 2.07673559e+27
5.89456532e+02 2.45289419e+27
5.89459827e+02 -5.13282797e+27
5.89463122e+02 -7.59840843e+27
5.89466417e+02 -7.22022468e+27
5.89469712e+02 3.36620899e+27
5.89473007e+02 6.32540595e+27
5.89476302e+02 8.39321867e+27
5.89479598e+02 5.89370667e+27
5.89482893e+02 1.73406326e+27
5.89486188e+02 -9.00000677e+26
5.89489483e+02 2.21463771e+27
5.89492778e+02 -7.46650983e+26
5.89496073e+02 -7.32402223e+26
5.89499368e+02 -4.44745962e+26
5.89502663e+02 -2.09860081e+27
5.89505959e+02 -5.25849117e+27
5.89509254e+02 -6.48016421e+27
5.89512549e+02 -6.92682030e+27
5.89515844e+02 -1.16156285e+27
5.89519139e+02 1.98955920e+27
5.89522434e+02 3.35337444e+27
5.89525729e+02 5.75269085e+26
5.89529024e+02 9.47980905e+26
5.89532319e+02 -6.51580840e+25
5.89535615e+02 -4.88012461e+26
5.89538910e+02 -5.07065760e+26
5.89542205e+02 -6.38825235e+26
5.89545500e+02 3.20242007e+27
5.89548795e+02 1.82281521e+27
5.89552090e+02 1.48787813e+27
5.89555385e+02 3.94850202e+27
5.89558680e+02 -3.13706888e+27
5.89561976e+02 -3.21373587e+27
5.89565271e+02 -2.14664412e+27
5.89568566e+02 2.23135645e+27
5.89571861e+02 -1.54374535e+27
5.89575156e+02 3.34867924e+27
5.89578451e+02 -2.95293827e+26
5.89581746e+02 1.27099869e+27
5.89585041e+02 4.46219726e+26
5.89588336e+02 -2.48529937e+27
5.89591632e+02 -1.94852791e+27
5.89594927e+02 -1.44473337e+27
5.89598222e+02 -4.87116504e+27
5.89601517e+02 -5.37290933e+27
5.89604812e+02 -5.26028751e+26
5.89608107e+02 4.95835762e+27
5.89611402e+02 5.53375899e+27
5.89614697e+02 3.99883101e+26
5.89617993e+02 -3.35448362e+27
5.89621288e+02 -4.10932466e+27
5.89624583e+02 -3.28607794e+26
5.89627878e+02 -4.84690971e+27
5.89631173e+02 -4.92112518e+27
5.89634468e+02 -1.93530872e+27
5.89637763e+02 -1.43161926e+27
5.89641058e+02 -1.33374587e+27
5.89644353e+02 1.93277243e+27
5.89647649e+02 -5.64815530e+26
5.89650944e+02 -3.81438912e+27
5.89654239e+02 -2.92421137e+27
5.89657534e+02 -3.36334850e+27
5.89660829e+02 -2.08150163e+27
5.89664124e+02 -1.52042368e+27
5.89667419e+02 -1.43488922e+27
5.89670714e+02 -3.32052910e+27
5.89674010e+02 -6.81125864e+27
5.89677305e+02 -6.09242571e+27
5.89680600e+02 -8.24584513e+27
5.89683895e+02 -9.93227299e+27
5.89687190e+02 -9.32894894e+27
5.89690485e+02 -1.00033889e+28
5.89693780e+02 -7.87669129e+27
5.89697075e+02 9.42782625e+27
5.89700370e+02 2.47782923e+28
5.89703666e+02 3.92858232e+28
5.89706961e+02 3.59373479e+28
5.89710256e+02 2.32755438e+28
5.89713551e+02 1.03326940e+28
5.89716846e+02 5.41656536e+27
5.89720141e+02 5.56391762e+27
5.89723436e+02 2.69715082e+27
5.89726731e+02 4.65495852e+27
5.89730027e+02 3.76571397e+27
5.89733322e+02 3.28747513e+27
5.89736617e+02 4.16162500e+27
5.89739912e+02 4.22287584e+27
5.89743207e+02 2.21174524e+27
5.89746502e+02 3.55528736e+27
5.89749797e+02 4.58837891e+27
5.89753092e+02 6.72780934e+27
5.89756387e+02 7.53720793e+27
5.89759683e+02 1.04397617e+28
5.89762978e+02 7.90844111e+27
5.89766273e+02 7.44608691e+27
5.89769568e+02 7.56169494e+27
5.89772863e+02 3.74691901e+27
5.89776158e+02 2.12372258e+27
5.89779453e+02 7.33449885e+26
5.89782748e+02 -1.09293056e+27
5.89786044e+02 -5.71861243e+26
5.89789339e+02 9.23494563e+25
5.89792634e+02 8.33076454e+25
5.89795929e+02 -3.31179806e+27
5.89799224e+02 -1.96371854e+27
5.89802519e+02 -2.88206312e+27
5.89805814e+02 -6.41981855e+27
5.89809109e+02 -6.66806093e+27
5.89812404e+02 -6.22649013e+27
5.89815700e+02 4.53247454e+26
5.89818995e+02 -6.30792408e+26
5.89822290e+02 1.06234465e+27
5.89825585e+02 1.23850771e+27
5.89828880e+02 9.68393134e+26
5.89832175e+02 2.47172655e+27
5.89835470e+02 -1.11642240e+25
5.89838765e+02 -4.07583966e+27
5.89842061e+02 -7.86699432e+27
5.89845356e+02 -8.34611763e+27
5.89848651e+02 -1.37859585e+27
5.89851946e+02 6.06826399e+27
5.89855241e+02 7.67987963e+27
5.89858536e+02 2.93571436e+27
5.89861831e+02 5.16453948e+27
5.89865126e+02 2.69660215e+26
5.89868421e+02 -5.48195456e+27
5.89871717e+02 -1.83711040e+27
5.89875012e+02 -2.87335253e+27
5.89878307e+02 -2.65797985e+27
5.89881602e+02 -9.49959442e+26
5.89884897e+02 2.42499486e+26
5.89888192e+02 -5.42501307e+26
5.89891487e+02 5.32266935e+26
5.89894782e+02 4.63688054e+26
5.89898078e+02 -1.49348670e+27
5.89901373e+02 -4.21450301e+27
5.89904668e+02 -6.14523187e+27
5.89907963e+02 -6.55979582e+27
5.89911258e+02 -5.65967196e+27
5.89914553e+02 -1.21383198e+27
5.89917848e+02 1.14589048e+27
5.89921143e+02 -1.96193515e+27
5.89924438e+02 -2.64328003e+27
5.89927734e+02 -1.51867688e+27
5.89931029e+02 -1.20056555e+27
5.89934324e+02 -7.43454010e+26
5.89937619e+02 -1.28921015e+27
5.89940914e+02 -3.32816474e+27
5.89944209e+02 -3.16135812e+26
5.89947504e+02 -1.51658766e+27
5.89950799e+02 -3.50355645e+27
5.89954095e+02 -4.79084220e+26
5.89957390e+02 1.75957001e+27
5.89960685e+02 8.21870629e+26
5.89963980e+02 3.80340903e+26
5.89967275e+02 -5.87014375e+26
5.89970570e+02 -3.51246708e+27
5.89973865e+02 -8.10910926e+27
5.89977160e+02 -1.03733055e+28
5.89980455e+02 -5.13220900e+27
5.89983751e+02 8.09717214e+27
5.89987046e+02 1.14613598e+28
5.89990341e+02 1.11308753e+28
5.89993636e+02 5.08037112e+27
5.89996931e+02 9.41160012e+26
5.90000226e+02 -3.35170313e+27
5.90003521e+02 -3.20907666e+27
5.90006816e+02 -2.51061265e+27
5.90010112e+02 -1.14156002e+27
5.90013407e+02 7.48410396e+26
5.90016702e+02 -8.55802018e+26
5.90019997e+02 -1.37900214e+27
5.90023292e+02 -4.07883881e+27
5.90026587e+02 -5.29888170e+27
5.90029882e+02 -6.74175003e+27
5.90033177e+02 -7.97425826e+27
5.90036472e+02 -4.62427015e+27
5.90039768e+02 -1.28640599e+27
5.90043063e+02 1.99598710e+27
5.90046358e+02 1.61412779e+27
5.90049653e+02 -6.19887214e+26
5.90052948e+02 -3.87380585e+27
5.90056243e+02 -6.40001376e+27
5.90059538e+02 -9.68664372e+27
5.90062833e+02 -6.78719854e+27
5.90066129e+02 2.47321618e+26
5.90069424e+02 3.95061041e+27
5.90072719e+02 5.18820769e+27
5.90076014e+02 3.85945923e+27
5.90079309e+02 8.70272420e+26
5.90082604e+02 3.70461088e+26
5.90085899e+02 2.80225621e+26
5.90089194e+02 -1.36661619e+27
5.90092489e+02 2.15287757e+26
5.90095785e+02 -4.15748136e+27
5.90099080e+02 8.39709184e+26
5.90102375e+02 -8.70975216e+26
5.90105670e+02 -1.35576565e+27
5.90108965e+02 -1.42025863e+27
5.90112260e+02 7.80003477e+26
5.90115555e+02 -6.45146357e+26
5.90118850e+02 -1.79391741e+27
5.90122146e+02 -3.30869914e+27
5.90125441e+02 -1.73487766e+27
5.90128736e+02 -3.08058540e+27
5.90132031e+02 -6.28254917e+26
5.90135326e+02 -3.70864474e+27
5.90138621e+02 -2.18307652e+27
5.90141916e+02 2.55703766e+27
5.90145211e+02 -3.83104570e+27
5.90148506e+02 -8.30662591e+27
5.90151802e+02 -7.94580955e+27
5.90155097e+02 -9.63776991e+27
5.90158392e+02 -8.53562005e+27
5.90161687e+02 -6.06862684e+27
5.90164982e+02 -6.32071531e+27
5.90168277e+02 -6.16726066e+27
5.90171572e+02 3.11306351e+27
5.90174867e+02 9.85518386e+27
5.90178163e+02 1.03490463e+28
5.90181458e+02 4.85720996e+27
5.90184753e+02 1.98582069e+27
5.90188048e+02 -5.31747893e+26
5.90191343e+02 -1.93759764e+27
5.90194638e+02 -5.25694757e+27
5.90197933e+02 -2.60817104e+27
5.90201228e+02 -3.70658690e+27
5.90204523e+02 -3.04343598e+27
5.90207819e+02 -3.52956633e+27
5.90211114e+02 -4.05209987e+27
5.90214409e+02 -3.99904902e+27
5.90217704e+02 -5.55252497e+27
5.90220999e+02 -2.72301175e+27
5.90224294e+02 -9.71374829e+26
5.90227589e+02 -3.52444885e+27
5.90230884e+02 -3.52341616e+27
5.90234180e+02 -2.63624367e+27
5.90237475e+02 -3.86855235e+27
5.90240770e+02 -9.65219404e+26
5.90244065e+02 -6.88132796e+26
5.90247360e+02 -2.14652559e+27
5.90250655e+02 -5.28410438e+27
5.90253950e+02 -6.00853631e+27
5.90257245e+02 -3.31234326e+27
5.90260540e+02 -1.02993307e+27
5.90263836e+02 1.68848563e+27
5.90267131e+02 1.39170189e+27
5.90270426e+02 -8.98620166e+26
5.90273721e+02 -1.64251672e+27
5.90277016e+02 -1.30061244e+27
5.90280311e+02 -3.04878807e+27
5.90283606e+02 -1.94505828e+27
5.90286901e+02 -4.56618737e+27
5.90290197e+02 -3.42795578e+27
5.90293492e+02 2.62153758e+27
5.90296787e+02 -3.11872374e+26
5.90300082e+02 -1.63269485e+27
5.90303377e+02 -5.24529492e+27
5.90306672e+02 -1.16615579e+28
5.90309967e+02 -7.53541025e+27
5.90313262e+02 -8.91212061e+26
5.90316557e+02 1.14162824e+28
5.90319853e+02 1.23730921e+28
5.90323148e+02 7.25493711e+27
5.90326443e+02 4.45020574e+27
5.90329738e+02 2.46715210e+27
5.90333033e+02 -1.75939101e+26
5.90336328e+02 -8.16021484e+26
5.90339623e+02 -1.03414933e+27
5.90342918e+02 -2.59696997e+27
5.90346214e+02 -2.72436430e+27
5.90349509e+02 -5.55253355e+27
5.90352804e+02 -2.36976805e+27
5.90356099e+02 -4.68081928e+27
5.90359394e+02 -1.44101126e+27
5.90362689e+02 -2.03183348e+27
5.90365984e+02 -1.72823013e+27
5.90369279e+02 -3.34363916e+27
5.90372574e+02 -3.70621959e+27
5.90375870e+02 -5.08152805e+27
5.90379165e+02 -2.01793165e+27
5.90382460e+02 -9.83191554e+26
5.90385755e+02 2.30812842e+27
5.90389050e+02 1.85192843e+27
5.90392345e+02 -4.12809329e+26
5.90395640e+02 8.37046021e+26
5.90398935e+02 1.76287878e+27
5.90402231e+02 3.50982845e+27
5.90405526e+02 3.15085709e+27
5.90408821e+02 1.14062700e+28
5.90412116e+02 2.11780283e+28
5.90415411e+02 3.91942026e+28
