# Wavelength Flux(MR)
5.89097364e+02 -6.35875649e+28
5.89100659e+02 -1.40756680e+28
5.89103954e+02 2.11270682e+28
5.89107249e+02 4.48432789e+28
5.89110544e+02 3.97124266e+28
5.89113839e+02 2.20284237e+28
5.89117135e+02 7.31912006e+27
5.89120430e+02 5.69360071e+27
5.89123725e+02 -6.21987546e+27
5.89127020e+02 2.00363866e+27
5.89130315e+02 1.34883170e+28
5.89133610e+02 1.77697082e+28
5.89136905e+02 1.58682163e+28
5.89140200e+02 1.21521438e+28
5.89143496e+02 5.22835243e+27
5.89146791e+02 5.83602957e+27
5.89150086e+02 7.55331525e+27
5.89153381e+02 7.91502477e+27
5.89156676e+02 7.91398978e+27
5.89159971e+02 9.98102388e+27
5.89163266e+02 8.09898789e+27
5.89166561e+02 5.98266434e+27
5.89169856e+02 7.99290798e+27
5.89173152e+02 1.54784776e+28
5.89176447e+02 2.11077340e+28
5.89179742e+02 1.63166906e+28
5.89183037e+02 1.38348531e+28
5.89186332e+02 1.05334198e+28
5.89189627e+02 1.03774978e+28
5.89192922e+02 2.65033237e+27
5.89196217e+02 7.25516575e+25
5.89199513e+02 9.31579552e+27
5.89202808e+02 6.85061010e+27
5.89206103e+02 2.77812043e+26
5.89209398e+02 3.58811328e+27
5.89212693e+02 3.28569101e+27
5.89215988e+02 -1.07826924e+27
5.89219283e+02 8.50780641e+26
5.89222578e+02 -1.39737777e+27
5.89225873e+02 -1.47280553e+27
5.89229169e+02 -4.03389340e+26
5.89232464e+02 2.29206020e+27
5.89235759e+02 8.56294193e+27
5.89239054e+02 4.18357617e+27
5.89242349e+02 4.23195264e+27
5.89245644e+02 1.11703124e+28
5.89248939e+02 1.94636254e+27
5.89252234e+02 -6.25491438e+26
5.89255530e+02 1.49190177e+25
5.89258825e+02 8.34616432e+26
5.89262120e+02 4.61501182e+27
5.89265415e+02 8.53215577e+27
5.89268710e+02 6.77521158e+27
5.89272005e+02 -1.51016744e+27
5.89275300e+02 1.40606072e+27
5.89278595e+02 -2.19574989e+27
5.89281890e+02 7.76284217e+27
5.89285186e+02 1.02543502e+28
5.89288481e+02 6.66986541e+27
5.89291776e+02 9.33776680e+27
5.89295071e+02 9.17158219e+27
5.89298366e+02 2.92194274e+27
5.89301661e+02 1.59043100e+27
5.89304956e+02 1.63497650e+27
5.89308251e+02 -3.67123591e+27
5.89311547e+02 -7.62388255e+27
5.89314842e+02 2.22615287e+27
5.89318137e+02 7.76410285e+27
5.89321432e+02 -3.39774225e+27
5.89324727e+02 -1.33955885e+28
5.89328022e+02 -9.43191532e+27
5.89331317e+02 6.62826406e+27
5.89334612e+02 1.92673628e+28
5.89337907e+02 1.39119292e+28
5.89341203e+02 1.10834896e+28
5.89344498e+02 8.51582550e+27
5.89347793e+02 6.31751035e+27
5.89351088e+02 3.69679069e+27
5.89354383e+02 6.07478140e+27
5.89357678e+02 8.22815795e+27
5.89360973e+02 5.78582136e+27
5.89364268e+02 1.83361436e+27
5.89367564e+02 -2.55046935e+27
5.89370859e+02 -7.19765542e+27
5.89374154e+02 -1.06771358e+28
5.89377449e+02 -1.02627400e+28
5.89380744e+02 -9.24445240e+27
5.89384039e+02 -9.22284804e+27
5.89387334e+02 -1.57003183e+28
5.89390629e+02 -1.46972616e+28
5.89393924e+02 -7.42232081e+27
5.89397220e+02 -7.15700483e+27
5.89400515e+02 3.41628378e+26
5.89403810e+02 6.92728750e+27
5.89407105e+02 1.43504470e+28
5.89410400e+02 1.63158147e+28
5.89413695e+02 1.13993012e+28
5.89416990e+02 4.48160042e+27
5.89420285e+02 -2.81436722e+27
5.89423581e+02 1.39776466e+27
5.89426876e+02 -2.08210964e+27
5.89430171e+02 -1.17578108e+27
5.89433466e+02 2.17145477e+27
5.89436761e+02 -4.86487630e+26
5.89440056e+02 3.12815941e+27
5.89443351e+02 -2.12353627e+26
5.89446646e+02 -8.49266094e+27
5.89449941e+02 -4.53993168e+27
5.89453237e+02 -4.38909859e+26
5.89456532e+02 2.13681914e+27
5.89459827e+02 -3.05643341e+26
5.89463122e+02 -2.47939588e+27
5.89466417e+02 -6.71136664e+27
5.89469712e+02 3.86019250e+26
5.89473007e+02 4.72869643e+27
5.89476302e+02 8.58591074e+27
5.89479598e+02 -3.87471693e+26
5.89482893e+02 2.36225569e+26
5.89486188e+02 4.23875066e+27
5.89489483e+02 3.77468934e+27
5.89492778e+02 -6.69347585e+27
5.89496073e+02 1.01537706e+27
5.89499368e+02 -4.59243252e+27
5.89502663e+02 -4.06674715e+27
5.89505959e+02 -3.87115905e+27
5.89509254e+02 -1.54576033e+28
5.89512549e+02 -1.41851443e+28
5.89515844e+02 -5.64259633e+26
5.89519139e+02 -3.18970861e+27
5.89522434e+02 3.38070568e+27
5.89525729e+02 9.13725243e+26
5.89529024e+02 -2.48373578e+27
5.89532319e+02 -2.52371353e+27
5.89535615e+02 3.45469603e+26
5.89538910e+02 -1.01088426e+27
5.89542205e+02 -6.55287930e+27
5.89545500e+02 -5.52306342e+27
5.89548795e+02 -3.29386952e+27
5.89552090e+02 -4.96129716e+26
5.89555385e+02 -5.87202082e+27
5.89558680e+02 -1.87095224e+27
5.89561976e+02 3.54572398e+26
5.89565271e+02 3.91660178e+26
5.89568566e+02 -5.89023509e+27
5.89571861e+02 -2.75009770e+27
5.89575156e+02 -6.57357749e+27
5.89578451e+02 -6.06625896e+27
5.89581746e+02 -3.18718505e+27
5.89585041e+02 -4.79872201e+27
5.89588336e+02 -1.30041077e+27
5.89591632e+02 -5.67947997e+27
5.89594927e+02 -1.09572336e+28
5.89598222e+02 -9.99420592e+27
5.89601517e+02 -5.16912842e+27
5.89604812e+02 -5.16092799e+27
5.89608107e+02 -1.06417095e+25
5.89611402e+02 6.02067545e+27
5.89614697e+02 -3.83272654e+27
5.89617993e+02 -4.13076404e+27
5.89621288e+02 -2.61356489e+27
5.89624583e+02 -1.82426801e+26
5.89627878e+02 3.14131517e+26
5.89631173e+02 1.43157681e+27
5.89634468e+02 5.20334690e+27
5.89637763e+02 -2.05291237e+27
5.89641058e+02 1.36783194e+27
5.89644353e+02 6.55631019e+27
5.89647649e+02 -2.41464443e+27
5.89650944e+02 -5.37100900e+27
5.89654239e+02 -5.37214672e+27
5.89657534e+02 -1.10273208e+28
5.89660829e+02 -6.71144128e+27
5.89664124e+02 3.41407320e+27
5.89667419e+02 3.01012203e+27
5.89670714e+02 -1.66655303e+27
5.89674010e+02 -2.93179950e+27
5.89677305e+02 -1.50685214e+27
5.89680600e+02 -3.49192042e+27
5.89683895e+02 -1.00977783e+28
5.89687190e+02 -9.24800956e+27
5.89690485e+02 -1.25662149e+28
5.89693780e+02 -1.41965874e+28
5.89697075e+02 1.14196719e+26
5.89700370e+02 1.36842095e+28
5.89703666e+02 3.11545383e+28
5.89706961e+02 3.36920950e+28
5.89710256e+02 2.26838832e+28
5.89713551e+02 1.52803509e+28
5.89716846e+02 5.29323661e+27
5.89720141e+02 -1.23745000e+27
5.89723436e+02 -7.53586810e+26
5.89726731e+02 1.67901105e+27
5.89730027e+02 6.73554211e+27
5.89733322e+02 9.18909976e+27
5.89736617e+02 5.27020509e+27
5.89739912e+02 4.51986265e+27
5.89743207e+02 5.02147030e+27
5.89746502e+02 9.92260557e+27
5.89749797e+02 8.18496712e+27
5.89753092e+02 7.49001639e+27
5.89756387e+02 9.89476316e+27
5.89759683e+02 8.10412646e+27
5.89762978e+02 1.23913764e+28
5.89766273e+02 1.13630833e+28
5.89769568e+02 1.06426704e+28
5.89772863e+02 1.08022115e+28
5.89776158e+02 6.21935732e+27
5.89779453e+02 2.54100793e+27
5.89782748e+02 3.85911830e+27
5.89786044e+02 3.65953630e+27
5.89789339e+02 3.58705415e+26
5.89792634e+02 1.35296805e+27
5.89795929e+02 -6.60090120e+26
5.89799224e+02 -4.92395922e+27
5.89802519e+02 -1.71623669e+27
5.89805814e+02 -4.59962203e+27
5.89809109e+02 -1.25351073e+28
5.89812404e+02 -5.82552681e+27
5.89815700e+02 -5.31253533e+27
5.89818995e+02 -1.87143682e+25
5.89822290e+02 4.66615718e+27
5.89825585e+02 -1.87470391e+27
5.89828880e+02 1.75408933e+27
5.89832175e+02 -4.78115158e+27
5.89835470e+02 -7.35835534e+26
5.89838765e+02 -7.76941197e+27
5.89842061e+02 -3.57797831e+27
5.89845356e+02 -7.75976624e+27
5.89848651e+02 -6.41612459e+27
5.89851946e+02 4.71918050e+27
5.89855241e+02 9.18366432e+27
5.89858536e+02 7.07741023e+27
5.89861831e+02 4.64821303e+27
5.89865126e+02 5.84283335e+27
5.89868421e+02 3.87530509e+27
5.89871717e+02 1.70971576e+27
5.89875012e+02 3.15054618e+27
5.89878307e+02 6.73459790e+27
5.89881602e+02 6.71398244e+27
5.89884897e+02 8.09517673e+27
5.89888192e+02 -2.84437508e+27
5.89891487e+02 1.15491229e+27
5.89894782e+02 2.39433277e+27
5.89898078e+02 1.63359123e+27
5.89901373e+02 4.45135876e+26
5.89904668e+02 -1.70834999e+27
5.89907963e+02 -3.28639137e+26
5.89911258e+02 -6.26716384e+27
5.89914553e+02 -3.94197972e+27
5.89917848e+02 -3.88445060e+25
5.89921143e+02 -3.18128655e+27
5.89924438e+02 -7.15153867e+26
5.89927734e+02 1.83519164e+27
5.89931029e+02 -1.97119830e+27
5.89934324e+02 -4.59589652e+27
5.89937619e+02 -5.91548242e+26
5.89940914e+02 3.85975745e+27
5.89944209e+02 6.51519697e+27
5.89947504e+02 8.35238135e+27
5.89950799e+02 -2.52557785e+27
5.89954095e+02 1.82050410e+27
5.89957390e+02 9.52986857e+26
5.89960685e+02 7.91488760e+27
5.89963980e+02 1.71616713e+28
5.89967275e+02 2.06975760e+28
5.89970570e+02 6.85668422e+27
5.89973865e+02 -3.17193833e+27
5.89977160e+02 -9.16835909e+27
5.89980455e+02 -5.52473199e+27
5.89983751e+02 7.76418550e+27
5.89987046e+02 1.55126179e+28
5.89990341e+02 1.79425994e+28
5.89993636e+02 1.09576345e+28
5.89996931e+02 7.40965544e+27
5.90000226e+02 3.98938745e+27
5.90003521e+02 1.07762235e+27
5.90006816e+02 4.46166190e+27
5.90010112e+02 5.76174445e+26
5.90013407e+02 7.06137910e+26
5.90016702e+02 -6.49279218e+26
5.90019997e+02 2.47595035e+27
5.90023292e+02 7.57452426e+26
5.90026587e+02 -5.79970358e+27
5.90029882e+02 -7.37353955e+27
5.90033177e+02 -1.25089116e+28
5.90036472e+02 -8.88050202e+27
5.90039768e+02 -4.72275653e+27
5.90043063e+02 4.23808539e+27
5.90046358e+02 6.67015275e+27
5.90049653e+02 4.90783587e+26
5.90052948e+02 5.00889789e+27
5.90056243e+02 -5.86757419e+27
5.90059538e+02 -6.41551408e+27
5.90062833e+02 -9.65531676e+27
5.90066129e+02 -6.94045032e+27
5.90069424e+02 4.05398038e+27
5.90072719e+02 8.97240273e+27
5.90076014e+02 7.46918582e+27
5.90079309e+02 5.43541197e+27
5.90082604e+02 6.91786059e+27
5.90085899e+02 1.34242678e+27
5.90089194e+02 -3.86172091e+27
5.90092489e+02 -2.13864142e+27
5.90095785e+02 -1.38365888e+27
5.90099080e+02 1.62965407e+27
5.90102375e+02 3.28792679e+27
5.90105670e+02 -4.61571995e+26
5.90108965e+02 -5.79843200e+26
5.90112260e+02 -2.60548207e+27
5.90115555e+02 -6.75266884e+26
5.90118850e+02 -1.35229474e+27
5.90122146e+02 5.22882474e+25
5.90125441e+02 4.37475059e+27
5.90128736e+02 -2.42077080e+27
5.90132031e+02 2.98933992e+26
5.90135326e+02 1.00320167e+27
5.90138621e+02 8.51138914e+26
5.90141916e+02 -5.38726645e+26
5.90145211e+02 2.86892686e+27
5.90148506e+02 1.79421779e+27
5.90151802e+02 -2.86497354e+27
5.90155097e+02 -6.17852324e+27
5.90158392e+02 -8.38727190e+27
5.90161687e+02 -8.46420639e+27
5.90164982e+02 -1.24287622e+28
5.90168277e+02 -1.70609828e+28
5.90171572e+02 -9.61900824e+27
5.90174867e+02 3.29186799e+27
5.90178163e+02 3.54239568e+27
5.90181458e+02 -2.62989767e+26
5.90184753e+02 -2.73310802e+27
5.90188048e+02 3.38644048e+27
5.90191343e+02 2.65778184e+27
5.90194638e+02 2.99904546e+26
5.90197933e+02 -2.52021075e+27
5.90201228e+02 -3.26008206e+27
5.90204523e+02 -3.63842170e+27
5.90207819e+02 -7.81460180e+27
5.90211114e+02 -6.23927181e+27
5.90214409e+02 -5.86474079e+27
5.90217704e+02 3.84643875e+26
5.90220999e+02 -8.81026547e+27
5.90224294e+02 -5.18207003e+27
5.90227589e+02 -3.23564621e+27
5.90230884e+02 -7.02898690e+27
5.90234180e+02 -2.28846689e+27
5.90237475e+02 -4.43114606e+27
5.90240770e+02 -3.74275356e+27
5.90244065e+02 -5.64347517e+27
5.90247360e+02 -5.94733509e+27
5.90250655e+02 -9.40968840e+27
5.90253950e+02 -9.96429599e+27
5.90257245e+02 -9.13505508e+27
5.90260540e+02 -9.20576214e+27
5.90263836e+02 -6.61928407e+27
5.90267131e+02 3.71879183e+26
5.90270426e+02 -3.92019989e+27
5.90273721e+02 -2.58862565e+27
5.90277016e+02 -6.78778843e+27
5.90280311e+02 -2.37342427e+27
5.90283606e+02 -6.41261455e+27
5.90286901e+02 -7.91407792e+27
5.90290197e+02 -5.98712934e+27
5.90293492e+02 1.51274056e+26
5.90296787e+02 5.85573728e+27
5.90300082e+02 6.06099092e+27
5.90303377e+02 -6.04641961e+27
5.90306672e+02 -1.96407074e+28
5.90309967e+02 -2.26854595e+28
5.90313262e+02 -1.66413556e+28
5.90316557e+02 -1.80003542e+27
5.90319853e+02 -1.06924361e+27
5.90323148e+02 2.46290351e+27
5.90326443e+02 -3.25062327e+27
5.90329738e+02 -7.89819128e+27
5.90333033e+02 -9.13708436e+27
5.90336328e+02 -9.84353474e+27
5.90339623e+02 -8.23226615e+27
5.90342918e+02 -6.22839394e+27
5.90346214e+02 -5.87264452e+27
5.90349509e+02 -6.62403342e+27
5.90352804e+02 -5.39267022e+27
5.90356099e+02 -6.20081075e+27
5.90359394e+02 -1.74105219e+27
5.90362689e+02 -1.66281747e+27
5.90365984e+02 -6.78067357e+26
5.90369279e+02 -6.96173239e+27
5.90372574e+02 -3.82945303e+27
5.90375870e+02 -1.02320642e+28
5.90379165e+02 -6.73308202e+27
5.90382460e+02 -9.44825238e+27
5.90385755e+02 -4.91066830e+26
5.90389050e+02 5.80341713e+27
5.90392345e+02 8.23443959e+26
5.90395640e+02 7.23905289e+27
5.90398935e+02 7.78644781e+27
5.90402231e+02 1.99819738e+27
5.90405526e+02 2.21077473e+27
5.90408821e+02 5.95649736e+27
5.90412116e+02 2.60421013e+28
5.90415411e+02 4.23614556e+28
