# Wavelength Flux(MR)
5.89097364e+02 -5.27691306e+28
5.89100659e+02 -1.20332516e+28
5.89103954e+02 2.42031496e+28
5.89107249e+02 4.44388612e+28
5.89110544e+02 3.20395290e+28
5.89113839e+02 1.99072558e+28
5.89117135e+02 1.20991943e+28
5.89120430e+02 1.72742154e+27
5.89123725e+02 -5.70362197e+27
5.89127020e+02 3.55675547e+27
5.89130315e+02 1.42053621e+28
5.89133610e+02 1.75659280e+28
5.89136905e+02 1.74598451e+28
5.89140200e+02 1.37939572e+28
5.89143496e+02 4.45220589e+27
5.89146791e+02 1.56010458e+26
5.89150086e+02 5.35506046e+26
5.89153381e+02 6.81687608e+27
5.89156676e+02 6.87446018e+27
5.89159971e+02 1.04683627e+28
5.89163266e+02 1.14384474e+28
5.89166561e+02 9.62041487e+27
5.89169856e+02 1.23832973e+28
5.89173152e+02 1.55696737e+28
5.89176447e+02 1.74867883e+28
5.89179742e+02 1.54364079e+28
5.89183037e+02 9.45095952e+27
5.89186332e+02 8.53746291e+27
5.89189627e+02 9.82509030e+27
5.89192922e+02 4.18553426e+27
5.89196217e+02 4.38953376e+27
5.89199513e+02 2.62482195e+27
5.89202808e+02 1.78848359e+27
5.89206103e+02 3.74488386e+27
5.89209398e+02 -2.42935166e+27
5.89212693e+02 -6.17890703e+27
5.89215988e+02 3.21672626e+26
5.89219283e+02 -3.38905510e+27
5.89222578e+02 -2.41253863e+27
5.89225873e+02 -1.49674211e+27
5.89229169e+02 -3.52451314e+27
5.89232464e+02 7.03398434e+27
5.89235759e+02 1.09595174e+28
5.89239054e+02 2.43428422e+27
5.89242349e+02 2.28594923e+27
5.89245644e+02 1.50562669e+27
5.89248939e+02 3.75946823e+27
5.89252234e+02 5.39759343e+27
5.89255530e+02 5.99504592e+27
5.89258825e+02 5.53000511e+27
5.89262120e+02 2.23549831e+27
5.89265415e+02 2.87520183e+27
5.89268710e+02 4.84905995e+27
5.89272005e+02 -4.67991278e+27
5.89275300e+02 -1.71975713e+27
5.89278595e+02 -1.41952201e+27
5.89281890e+02 2.33024790e+27
5.89285186e+02 7.19775376e+27
5.89288481e+02 1.04023694e+28
5.89291776e+02 1.20688103e+27
5.89295071e+02 3.78076408e+27
5.89298366e+02 4.08581756e+27
5.89301661e+02 1.76731843e+27
5.89304956e+02 3.00960948e+27
5.89308251e+02 -1.61299741e+27
5.89311547e+02 -2.45509111e+26
5.89314842e+02 4.82557348e+27
5.89318137e+02 7.23713215e+27
5.89321432e+02 -1.57227143e+27
5.89324727e+02 -9.88305716e+27
5.89328022e+02 -6.74846388e+27
5.89331317e+02 5.16233165e+27
5.89334612e+02 1.89033461e+28
5.89337907e+02 1.39346065e+28
5.89341203e+02 1.02044683e+28
5.89344498e+02 4.28896549e+27
5.89347793e+02 -2.85798184e+26
5.89351088e+02 3.71757219e+27
5.89354383e+02 3.99480873e+27
5.89357678e+02 5.48531331e+27
5.89360973e+02 -2.94337957e+27
5.89364268e+02 -5.40042837e+27
5.89367564e+02 -5.92806807e+27
5.89370859e+02 2.55251124e+26
5.89374154e+02 -5.36210051e+27
5.89377449e+02 -2.45328369e+27
5.89380744e+02 -5.34267154e+27
5.89384039e+02 -4.72237444e+27
5.89387334e+02 -1.06897769e+28
5.89390629e+02 -7.15110535e+27
5.89393924e+02 -1.58122876e+27
5.89397220e+02 -7.68624985e+27
5.89400515e+02 -9.16545470e+26
5.89403810e+02 3.98251511e+27
5.89407105e+02 1.17390453e+28
5.89410400e+02 1.06659314e+28
5.89413695e+02 7.46763457e+27
5.89416990e+02 2.72747036e+27
5.89420285e+02 -7.82473772e+26
5.89423581e+02 -1.37949296e+26
5.89426876e+02 -2.93721698e+27
5.89430171e+02 5.35027754e+26
5.89433466e+02 -7.81537033e+27
5.89436761e+02 -6.94084726e+26
5.89440056e+02 -4.31194436e+27
5.89443351e+02 -2.31747046e+27
5.89446646e+02 -5.23018325e+27
5.89449941e+02 -6.11079716e+27
5.89453237e+02 -1.25530108e+27
5.89456532e+02 3.69841413e+27
5.89459827e+02 9.44210663e+26
5.89463122e+02 -6.95546091e+27
5.89466417e+02 -3.55421616e+27
5.89469712e+02 5.42690153e+26
5.89473007e+02 4.15110917e+27
5.89476302e+02 8.71863439e+27
5.89479598e+02 2.60752160e+27
5.89482893e+02 -5.97088097e+26
5.89486188e+02 -1.47176768e+27
5.89489483e+02 1.01037609e+27
5.89492778e+02 -1.29154255e+27
5.89496073e+02 -1.80492084e+27
5.89499368e+02 5.24900146e+26
5.89502663e+02 7.01795340e+27
5.89505959e+02 -5.30192354e+27
5.89509254e+02 -9.43031001e+27
5.89512549e+02 -8.40238481e+27
5.89515844e+02 -8.38164477e+27
5.89519139e+02 7.71039660e+25
5.89522434e+02 1.16283128e+27
5.89525729e+02 -8.24235171e+27
5.89529024e+02 -4.04608894e+27
5.89532319e+02 -5.61075051e+27
5.89535615e+02 -4.12168561e+27
5.89538910e+02 -2.99767105e+27
5.89542205e+02 -6.07742656e+27
5.89545500e+02 -3.31611862e+27
5.89548795e+02 -3.01113757e+27
5.89552090e+02 1.39312196e+27
5.89555385e+02 -2.25241880e+27
5.89558680e+02 -7.18317377e+27
5.89561976e+02 -2.49988134e+27
5.89565271e+02 -9.29484569e+26
5.89568566e+02 2.49842121e+27
5.89571861e+02 2.48490449e+27
5.89575156e+02 -1.66051702e+27
5.89578451e+02 -3.31737925e+27
5.89581746e+02 -4.11492269e+27
5.89585041e+02 1.54951413e+27
5.89588336e+02 -7.55072294e+27
5.89591632e+02 -7.38848676e+27
5.89594927e+02 -6.05377652e+27
5.89598222e+02 -7.48699783e+27
5.89601517e+02 -9.96375219e+27
5.89604812e+02 -5.84467270e+27
5.89608107e+02 -4.91085960e+27
5.89611402e+02 -1.31006686e+27
5.89614697e+02 4.99479243e+26
5.89617993e+02 -3.33873561e+27
5.89621288e+02 -3.79794129e+27
5.89624583e+02 -5.74080200e+27
5.89627878e+02 2.98097079e+26
5.89631173e+02 -1.84542738e+27
5.89634468e+02 -9.68242071e+25
5.89637763e+02 6.34016345e+26
5.89641058e+02 -2.10352559e+27
5.89644353e+02 -3.65135788e+27
5.89647649e+02 2.45787464e+27
5.89650944e+02 -3.39918575e+26
5.89654239e+02 -1.21211986e+26
5.89657534e+02 -3.07197783e+27
5.89660829e+02 -5.31116098e+26
5.89664124e+02 5.77637953e+27
5.89667419e+02 8.37906913e+27
5.89670714e+02 3.03821406e+27
5.89674010e+02 -6.60285200e+27
5.89677305e+02 -4.96097008e+27
5.89680600e+02 -2.07213400e+27
5.89683895e+02 -3.89064931e+27
5.89687190e+02 -2.71387869e+27
5.89690485e+02 -5.13262459e+27
5.89693780e+02 -2.39417419e+27
5.89697075e+02 5.87792271e+27
5.89700370e+02 1.87570543e+28
5.89703666e+02 2.78457554e+28
5.89706961e+02 2.60528832e+28
5.89710256e+02 1.39364826e+28
5.89713551e+02 2.92631713e+27
5.89716846e+02 -5.29848926e+27
5.89720141e+02 -1.55161396e+27
5.89723436e+02 -9.47937129e+26
5.89726731e+02 -3.08954746e+27
5.89730027e+02 -1.46911126e+27
5.89733322e+02 -6.80312789e+26
5.89736617e+02 5.54284765e+27
5.89739912e+02 5.30869109e+27
5.89743207e+02 1.21506541e+28
5.89746502e+02 8.36905768e+27
5.89749797e+02 1.09133489e+28
5.89753092e+02 7.41606671e+27
5.89756387e+02 7.86023666e+27
5.89759683e+02 1.25420986e+28
5.89762978e+02 1.64489961e+28
5.89766273e+02 9.43386626e+27
5.89769568e+02 1.22929425e+28
5.89772863e+02 8.78492864e+27
5.89776158e+02 8.69598673e+27
5.89779453e+02 6.93743430e+27
5.89782748e+02 1.23440048e+27
5.89786044e+02 -2.53719207e+26
5.89789339e+02 4.64437801e+27
5.89792634e+02 -1.27449943e+27
5.89795929e+02 2.92977555e+27
5.89799224e+02 -4.97776617e+27
5.89802519e+02 -2.68490967e+27
5.89805814e+02 -7.13533737e+27
5.89809109e+02 -1.15835758e+28
5.89812404e+02 -1.35130739e+26
5.89815700e+02 -2.44283083e+27
5.89818995e+02 3.00239718e+26
5.89822290e+02 1.44987931e+27
5.89825585e+02 -5.74241896e+27
5.89828880e+02 -3.07683370e+27
5.89832175e+02 1.31569626e+27
5.89835470e+02 1.26726792e+26
5.89838765e+02 -1.33781403e+27
5.89842061e+02 -9.67059474e+27
5.89845356e+02 -1.34999983e+28
5.89848651e+02 -5.87271291e+27
5.89851946e+02 4.87376824e+27
5.89855241e+02 2.16621074e+27
5.89858536e+02 7.48262693e+27
5.89861831e+02 -1.15605150e+27
5.89865126e+02 -1.07696551e+27
5.89868421e+02 -9.49112971e+26
5.89871717e+02 5.16124014e+27
5.89875012e+02 5.15591246e+27
5.89878307e+02 5.26913347e+27
5.89881602e+02 9.24066070e+27
5.89884897e+02 2.56831453e+27
5.89888192e+02 4.91220296e+27
5.89891487e+02 -6.13561078e+26
5.89894782e+02 -2.13731801e+27
5.89898078e+02 1.79359452e+27
5.89901373e+02 7.06341817e+27
5.89904668e+02 -2.52288994e+27
5.89907963e+02 6.41084128e+26
5.89911258e+02 -5.63451149e+27
5.89914553e+02 -2.88171075e+27
5.89917848e+02 5.06155355e+27
5.89921143e+02 4.78080237e+27
5.89924438e+02 -1.05901080e+27
5.89927734e+02 1.53086843e+27
5.89931029e+02 -1.32547730e+27
5.89934324e+02 -5.87110232e+27
5.89937619e+02 7.72465756e+26
5.89940914e+02 2.97483218e+27
5.89944209e+02 6.13105284e+27
5.89947504e+02 6.98680464e+27
5.89950799e+02 2.77350657e+27
5.89954095e+02 8.05537624e+27
5.89957390e+02 6.48067097e+27
5.89960685e+02 4.82968855e+27
5.89963980e+02 1.30917623e+28
5.89967275e+02 1.58134290e+28
5.89970570e+02 1.33035401e+28
5.89973865e+02 -2.64523015e+27
5.89977160e+02 -6.80341202e+27
5.89980455e+02 -3.85929473e+27
5.89983751e+02 1.20489214e+28
5.89987046e+02 1.56806186e+28
5.89990341e+02 1.73212175e+28
5.89993636e+02 1.67299034e+28
5.89996931e+02 4.84576390e+27
5.90000226e+02 2.97160057e+27
5.90003521e+02 5.57803075e+27
5.90006816e+02 -3.20886444e+27
5.90010112e+02 2.04709735e+27
5.90013407e+02 2.13345489e+26
5.90016702e+02 -5.64724404e+27
5.90019997e+02 -2.42028650e+27
5.90023292e+02 -2.13199983e+27
5.90026587e+02 -7.71090315e+27
5.90029882e+02 -1.03320571e+28
5.90033177e+02 -6.88715779e+27
5.90036472e+02 -7.01037324e+27
5.90039768e+02 -7.78969172e+27
5.90043063e+02 -2.03299268e+27
5.90046358e+02 7.19262242e+27
5.90049653e+02 9.60619334e+27
5.90052948e+02 -8.34602890e+26
5.90056243e+02 -1.66923045e+27
5.90059538e+02 -6.51435561e+27
5.90062833e+02 -8.80618091e+27
5.90066129e+02 -1.13097752e+28
5.90069424e+02 3.56479114e+27
5.90072719e+02 1.00364356e+28
5.90076014e+02 1.07967131e+28
5.90079309e+02 7.25798710e+27
5.90082604e+02 3.03510103e+27
5.90085899e+02 4.76461580e+27
5.90089194e+02 -6.92914551e+27
5.90092489e+02 -4.50491213e+27
5.90095785e+02 -1.93388911e+27
5.90099080e+02 -1.54242349e+27
5.90102375e+02 3.37602997e+27
5.90105670e+02 3.30013048e+27
5.90108965e+02 3.34863223e+27
5.90112260e+02 4.00510170e+27
5.90115555e+02 -6.72629528e+26
5.90118850e+02 2.16779730e+27
5.90122146e+02 -6.86208980e+26
5.90125441e+02 -1.62028784e+27
5.90128736e+02 1.09056648e+27
5.90132031e+02 -3.49861304e+26
5.90135326e+02 5.81162619e+27
5.90138621e+02 6.95169580e+27
5.90141916e+02 7.68496026e+27
5.90145211e+02 1.13220287e+27
5.90148506e+02 -1.41984179e+27
5.90151802e+02 -5.02837649e+27
5.90155097e+02 -1.06416393e+27
5.90158392e+02 -2.45016183e+27
5.90161687e+02 -6.52153260e+27
5.90164982e+02 -1.38758294e+28
5.90168277e+02 -1.47434547e+28
5.90171572e+02 -8.32853270e+27
5.90174867e+02 -1.60872102e+26
5.90178163e+02 5.71126674e+27
5.90181458e+02 2.36269502e+27
5.90184753e+02 -1.08678661e+27
5.90188048e+02 2.13429755e+27
5.90191343e+02 1.77627374e+27
5.90194638e+02 2.43958244e+27
5.90197933e+02 -2.62741086e+27
5.90201228e+02 -6.89350660e+27
5.90204523e+02 -6.58155555e+27
5.90207819e+02 -1.03334593e+28
5.90211114e+02 -7.26616960e+27
5.90214409e+02 -1.08138905e+28
5.90217704e+02 -3.55796649e+27
5.90220999e+02 -2.59229067e+27
5.90224294e+02 -1.68844777e+27
5.90227589e+02 -3.76063847e+27
5.90230884e+02 2.75093366e+26
5.90234180e+02 -6.66721975e+27
5.90237475e+02 -4.27002607e+27
5.90240770e+02 -4.51780132e+27
5.90244065e+02 3.47221463e+27
5.90247360e+02 2.89163565e+26
5.90250655e+02 -9.30565847e+27
5.90253950e+02 -1.15328895e+28
5.90257245e+02 -9.48616023e+27
5.90260540e+02 -9.25294879e+27
5.90263836e+02 -3.03777328e+27
5.90267131e+02 -9.60635816e+27
5.90270426e+02 -6.11242637e+27
5.90273721e+02 4.26172848e+26
5.90277016e+02 1.79327340e+25
5.90280311e+02 -6.92500817e+27
5.90283606e+02 -6.68607182e+27
5.90286901e+02 -8.43876734e+27
5.90290197e+02 -9.97122728e+27
5.90293492e+02 -5.83110655e+26
5.90296787e+02 5.88166292e+27
5.90300082e+02 3.16385493e+27
5.90303377e+02 -5.07330163e+27
5.90306672e+02 -1.72477033e+28
5.90309967e+02 -2.06500525e+28
5.90313262e+02 -1.37645832e+28
5.90316557e+02 -6.36000865e+27
5.90319853e+02 1.65007164e+27
5.90323148e+02 -3.42676074e+27
5.90326443e+02 -8.02699516e+27
5.90329738e+02 -7.45440458e+27
5.90333033e+02 -7.57306327e+27
5.90336328e+02 -6.28419139e+27
5.90339623e+02 -7.93594449e+27
5.90342918e+02 -2.72068856e+27
5.90346214e+02 -4.08613532e+27
5.90349509e+02 -1.21676308e+27
5.90352804e+02 -5.64346743e+27
5.90356099e+02 -5.58984526e+27
5.90359394e+02 -1.19461700e+26
5.90362689e+02 -3.58700569e+27
5.90365984e+02 -3.33255652e+27
5.90369279e+02 -1.12104925e+27
5.90372574e+02 -9.61909187e+26
5.90375870e+02 -5.04347539e+27
5.90379165e+02 -4.99215849e+27
5.90382460e+02 -2.73392995e+27
5.90385755e+02 -2.82194034e+27
5.90389050e+02 7.89940147e+25
5.90392345e+02 1.43415297e+27
5.90395640e+02 4.62703661e+27
5.90398935e+02 7.97009921e+27
5.90402231e+02 1.58625859e+27
5.90405526e+02 8.62523765e+26
5.90408821e+02 4.70637468e+27
5.90412116e+02 1.48878652e+28
5.90415411e+02 3.65443966e+28
