# Wavelength Flux(MR)
5.89097364e+02 -5.68949934e+28
5.89100659e+02 -1.19759626e+28
5.89103954e+02 2.67858962e+28
5.89107249e+02 4.25407314e+28
5.89110544e+02 3.29831777e+28
5.89113839e+02 1.57718966e+28
5.89117135e+02 7.09618272e+27
5.89120430e+02 1.79264100e+26
5.89123725e+02 1.05750639e+27
5.89127020e+02 1.08007701e+27
5.89130315e+02 6.59934579e+27
5.89133610e+02 9.50662859e+27
5.89136905e+02 1.07123135e+28
5.89140200e+02 5.76459885e+27
5.89143496e+02 4.44732127e+27
5.89146791e+02 3.76902536e+27
5.89150086e+02 6.63148320e+27
5.89153381e+02 4.97126064e+27
5.89156676e+02 5.28214088e+27
5.89159971e+02 7.76595673e+27
5.89163266e+02 2.70585075e+26
5.89166561e+02 1.29092190e+27
5.89169856e+02 3.84128224e+27
5.89173152e+02 7.43033273e+27
5.89176447e+02 9.15541538e+27
5.89179742e+02 1.14034248e+28
5.89183037e+02 3.18903545e+27
5.89186332e+02 2.75135582e+27
5.89189627e+02 3.72057745e+27
5.89192922e+02 4.18003125e+27
5.89196217e+02 3.18528101e+27
5.89199513e+02 4.66101972e+27
5.89202808e+02 4.26250529e+26
5.89206103e+02 8.13007439e+26
5.89209398e+02 3.24092348e+26
5.89212693e+02 -2.47140895e+27
5.89215988e+02 -3.85448710e+27
5.89219283e+02 -8.63018788e+26
5.89222578e+02 1.82529942e+27
5.89225873e+02 1.74045237e+27
5.89229169e+02 3.99571535e+27
5.89232464e+02 3.85563508e+27
5.89235759e+02 3.77898753e+27
5.89239054e+02 2.17748494e+27
5.89242349e+02 5.12093560e+27
5.89245644e+02 2.26390253e+27
5.89248939e+02 4.75607228e+25
5.89252234e+02 2.98746468e+27
5.89255530e+02 1.19910222e+26
5.89258825e+02 3.68202241e+27
5.89262120e+02 6.35879446e+27
5.89265415e+02 4.68279473e+27
5.89268710e+02 4.74248499e+27
5.89272005e+02 1.72719754e+27
5.89275300e+02 1.06115371e+27
5.89278595e+02 3.61605463e+27
5.89281890e+02 2.02618706e+27
5.89285186e+02 5.94426477e+27
5.89288481e+02 1.47841244e+27
5.89291776e+02 8.06304625e+26
5.89295071e+02 6.08517893e+27
5.89298366e+02 2.64513280e+27
5.89301661e+02 1.87439230e+27
5.89304956e+02 3.92252896e+27
5.89308251e+02 -6.75560173e+26
5.89311547e+02 2.94623612e+27
5.89314842e+02 2.37582379e+27
5.89318137e+02 4.42895848e+27
5.89321432e+02 4.42607457e+26
5.89324727e+02 -5.24810647e+27
5.89328022e+02 -1.88153776e+27
5.89331317e+02 5.95810489e+27
5.89334612e+02 1.21200344e+28
5.89337907e+02 1.08092734e+28
5.89341203e+02 5.24058492e+27
5.89344498e+02 7.14502828e+27
5.89347793e+02 4.67946691e+27
5.89351088e+02 3.62470766e+27
5.89354383e+02 6.25321878e+27
5.89357678e+02 4.62156347e+27
5.89360973e+02 3.47415742e+27
5.89364268e+02 3.59798211e+27
5.89367564e+02 -3.43243596e+27
5.89370859e+02 -4.21035195e+27
5.89374154e+02 2.43979664e+26
5.89377449e+02 -1.14972723e+27
5.89380744e+02 -6.98725675e+26
5.89384039e+02 -4.75540428e+27
5.89387334e+02 -7.12954328e+27
5.89390629e+02 -8.03987993e+27
5.89393924e+02 -5.33951632e+27
5.89397220e+02 -4.23496371e+27
5.89400515e+02 -2.43224043e+27
5.89403810e+02 7.16915282e+27
5.89407105e+02 1.15277986e+28
5.89410400e+02 5.41268077e+27
5.89413695e+02 4.51305334e+27
5.89416990e+02 2.84759550e+27
5.89420285e+02 3.71353421e+24
5.89423581e+02 5.30091735e+24
5.89426876e+02 -7.70175964e+26
5.89430171e+02 -2.89637737e+27
5.89433466e+02 1.60492603e+27
5.89436761e+02 -6.89739106e+26
5.89440056e+02 -1.43643495e+27
5.89443351e+02 5.95287889e+26
5.89446646e+02 1.02796638e+27
5.89449941e+02 -1.81235659e+27
5.89453237e+02 -1.67684143e+27
5.89456532e+02 1.79343751e+27
5.89459827e+02 3.28072280e+27
5.89463122e+02 9.88808579e+25
5.89466417e+02 -3.72250005e+27
5.89469712e+02 -1.81120235e+27
5.89473007e+02 5.88868502e+27
5.89476302e+02 1.49144044e+27
5.89479598e+02 8.78810396e+26
5.89482893e+02 1.60079628e+26
5.89486188e+02 5.03496784e+27
5.89489483e+02 1.38986315e+27
5.89492778e+02 -4.18385898e+26
5.89496073e+02 9.43354132e+26
5.89499368e+02 2.84866797e+27
5.89502663e+02 3.02191097e+27
5.89505959e+02 -3.16787006e+27
5.89509254e+02 -4.59893177e+27
5.89512549e+02 -4.47056917e+27
5.89515844e+02 -1.91564193e+27
5.89519139e+02 -2.19880535e+27
5.89522434e+02 5.26025348e+24
5.89525729e+02 -1.32842186e+27
5.89529024e+02 -2.06355512e+27
5.89532319e+02 -4.93171712e+27
5.89535615e+02 -9.07919456e+26
5.89538910e+02 -2.57037249e+27
5.89542205e+02 -1.49535169e+27
5.89545500e+02 1.11393913e+27
5.89548795e+02 8.28667438e+26
5.89552090e+02 2.96401436e+27
5.89555385e+02 -1.09886073e+27
5.89558680e+02 -2.24512826e+27
5.89561976e+02 6.99085210e+25
5.89565271e+02 1.98481159e+27
5.89568566e+02 1.69961028e+27
5.89571861e+02 -9.76978935e+26
5.89575156e+02 8.08803582e+25
5.89578451e+02 -1.46243169e+27
5.89581746e+02 7.21133472e+26
5.89585041e+02 2.54062604e+27
5.89588336e+02 -1.85727629e+27
5.89591632e+02 1.33709411e+27
5.89594927e+02 -1.94880155e+27
5.89598222e+02 -4.49899285e+27
5.89601517e+02 -3.26675521e+27
5.89604812e+02 -1.98167008e+26
5.89608107e+02 1.24694300e+27
5.89611402e+02 -8.69004696e+25
5.89614697e+02 -1.81797898e+27
5.89617993e+02 -6.73657135e+26
5.89621288e+02 1.75853415e+27
5.89624583e+02 1.11823323e+27
5.89627878e+02 -2.44212411e+27
5.89631173e+02 -1.48450391e+27
5.89634468e+02 6.45678428e+26
5.89637763e+02 2.94764807e+27
5.89641058e+02 -2.00461207e+27
5.89644353e+02 -2.22837257e+27
5.89647649e+02 1.86782073e+27
5.89650944e+02 -1.45990141e+27
5.89654239e+02 4.53168376e+26
5.89657534e+02 -3.29789363e+27
5.89660829e+02 -1.52618696e+27
5.89664124e+02 3.17451594e+27
5.89667419e+02 -8.67306892e+26
5.89670714e+02 -1.11678307e+27
5.89674010e+02 -6.19265133e+25
5.89677305e+02 8.27951318e+26
5.89680600e+02 -2.93896586e+27
5.89683895e+02 -3.66025423e+27
5.89687190e+02 -4.11838022e+27
5.89690485e+02 -3.96720474e+27
5.89693780e+02 -9.88831324e+25
5.89697075e+02 8.40287275e+27
5.89700370e+02 2.09156761e+28
5.89703666e+02 3.34189719e+28
5.89706961e+02 2.72182979e+28
5.89710256e+02 1.50919249e+28
5.89713551e+02 5.05148826e+27
5.89716846e+02 2.63224495e+27
5.89720141e+02 1.05953230e+27
5.89723436e+02 -4.76956495e+26
5.89726731e+02 2.04617690e+27
5.89730027e+02 1.22708595e+27
5.89733322e+02 -5.43208833e+25
5.89736617e+02 -1.04998488e+27
5.89739912e+02 4.18393842e+27
5.89743207e+02 4.59778907e+27
5.89746502e+02 3.33652539e+27
5.89749797e+02 3.72824671e+27
5.89753092e+02 1.14646880e+27
5.89756387e+02 2.88269047e+27
5.89759683e+02 5.55291559e+27
5.89762978e+02 6.64846269e+27
5.89766273e+02 7.18704291e+27
5.89769568e+02 3.87078660e+27
5.89772863e+02 3.78730141e+27
5.89776158e+02 2.59392750e+27
5.89779453e+02 3.78880059e+26
5.89782748e+02 -6.70000665e+26
5.89786044e+02 -2.90351092e+26
5.89789339e+02 4.74682904e+26
5.89792634e+02 -2.78655382e+27
5.89795929e+02 7.03306868e+26
5.89799224e+02 -3.94181763e+27
5.89802519e+02 -1.56044819e+27
5.89805814e+02 -1.44132819e+27
5.89809109e+02 -4.69281715e+27
5.89812404e+02 -1.72610663e+27
5.89815700e+02 -1.73396927e+27
5.89818995e+02 -7.56272078e+26
5.89822290e+02 -1.60097956e+27
5.89825585e+02 -1.40334980e+27
5.89828880e+02 -4.04731348e+27
5.89832175e+02 -5.91397860e+26
5.89835470e+02 -3.16915155e+27
5.89838765e+02 -2.17605050e+27
5.89842061e+02 -6.48692352e+27
5.89845356e+02 -4.62761415e+27
5.89848651e+02 -1.78341444e+27
5.89851946e+02 -1.64506592e+27
5.89855241e+02 4.47144589e+27
5.89858536e+02 4.02155142e+27
5.89861831e+02 3.47229240e+26
5.89865126e+02 3.58294562e+27
5.89868421e+02 3.09383249e+26
5.89871717e+02 1.11168291e+27
5.89875012e+02 2.06125538e+27
5.89878307e+02 5.62580855e+26
5.89881602e+02 -2.17081513e+26
5.89884897e+02 -2.96795083e+26
5.89888192e+02 -3.48035690e+27
5.89891487e+02 -1.07818809e+27
5.89894782e+02 -9.14151931e+25
5.89898078e+02 -2.60934225e+27
5.89901373e+02 -4.24883622e+27
5.89904668e+02 -7.33904019e+27
5.89907963e+02 -3.42018140e+27
5.89911258e+02 -3.03794755e+27
5.89914553e+02 1.25064394e+26
5.89917848e+02 -5.89289779e+26
5.89921143e+02 -2.41420606e+27
5.89924438e+02 -1.88886427e+27
5.89927734e+02 -1.45270520e+27
5.89931029e+02 4.90885469e+26
5.89934324e+02 -2.56541729e+27
5.89937619e+02 -5.31837925e+27
5.89940914e+02 -4.62312350e+26
5.89944209e+02 1.42671329e+27
5.89947504e+02 3.71636099e+27
5.89950799e+02 1.68604474e+26
5.89954095e+02 -2.77044054e+27
5.89957390e+02 -5.14000038e+26
5.89960685e+02 2.73515633e+27
5.89963980e+02 3.91901306e+27
5.89967275e+02 3.67553316e+27
5.89970570e+02 2.08415256e+27
5.89973865e+02 2.46206172e+26
5.89977160e+02 -7.44448639e+27
5.89980455e+02 -1.18018851e+27
5.89983751e+02 8.10595300e+27
5.89987046e+02 1.02673002e+28
5.89990341e+02 6.80533069e+27
5.89993636e+02 2.79566943e+27
5.89996931e+02 5.91647622e+26
5.90000226e+02 -7.28182094e+26
5.90003521e+02 -3.80080424e+27
5.90006816e+02 -4.41496290e+27
5.90010112e+02 -8.85844064e+26
5.90013407e+02 -1.83300096e+27
5.90016702e+02 1.27356198e+27
5.90019997e+02 -4.96776585e+26
5.90023292e+02 -9.89535269e+26
5.90026587e+02 9.39706721e+26
5.90029882e+02 -7.19237922e+27
5.90033177e+02 -5.67174021e+27
5.90036472e+02 -5.33235548e+27
5.90039768e+02 -4.36313028e+27
5.90043063e+02 1.41879293e+27
5.90046358e+02 -1.22042317e+27
5.90049653e+02 4.29212541e+27
5.90052948e+02 -2.63709153e+25
5.90056243e+02 -5.72349017e+27
5.90059538e+02 -7.00818493e+27
5.90062833e+02 -6.73416081e+27
5.90066129e+02 2.50278554e+27
5.90069424e+02 3.08983037e+27
5.90072719e+02 4.31826463e+27
5.90076014e+02 1.67767916e+27
5.90079309e+02 1.77992791e+27
5.90082604e+02 -2.24660173e+26
5.90085899e+02 -1.32816263e+27
5.90089194e+02 -1.00202901e+27
5.90092489e+02 9.02780550e+26
5.90095785e+02 -2.62376828e+27
5.90099080e+02 -3.46967717e+27
5.90102375e+02 -3.92279223e+26
5.90105670e+02 2.76106197e+27
5.90108965e+02 6.96412823e+25
5.90112260e+02 -2.50449334e+27
5.90115555e+02 -3.18443223e+27
5.90118850e+02 -1.09579996e+27
5.90122146e+02 -9.92545594e+26
5.90125441e+02 -3.68343997e+27
5.90128736e+02 -1.63362471e+27
5.90132031e+02 -2.26698695e+27
5.90135326e+02 -2.76467278e+27
5.90138621e+02 1.73688413e+27
5.90141916e+02 -1.37873960e+27
5.90145211e+02 -5.28216263e+26
5.90148506e+02 -3.80778000e+27
5.90151802e+02 -4.69389163e+27
5.90155097e+02 -7.18831181e+27
5.90158392e+02 -3.13397084e+27
5.90161687e+02 -3.70146974e+27
5.90164982e+02 -4.55857900e+27
5.90168277e+02 -4.59035864e+27
5.90171572e+02 -2.23601403e+27
5.90174867e+02 2.75458019e+27
5.90178163e+02 3.08771547e+27
5.90181458e+02 3.07345389e+26
5.90184753e+02 -3.97319829e+27
5.90188048e+02 -1.64109514e+27
5.90191343e+02 -1.23052843e+27
5.90194638e+02 6.50918659e+26
5.90197933e+02 -3.48753805e+27
5.90201228e+02 -3.62793905e+27
5.90204523e+02 -5.52334369e+27
5.90207819e+02 -3.04068176e+27
5.90211114e+02 -1.70034118e+27
5.90214409e+02 -2.62032593e+27
5.90217704e+02 -2.93405090e+27
5.90220999e+02 -3.86902286e+27
5.90224294e+02 -3.88309301e+27
5.90227589e+02 -2.42615844e+27
5.90230884e+02 -6.20175039e+27
5.90234180e+02 -5.03834525e+27
5.90237475e+02 -2.78245453e+27
5.90240770e+02 -2.45770238e+27
5.90244065e+02 -1.90816520e+27
5.90247360e+02 -1.99800999e+27
5.90250655e+02 -4.51983929e+27
5.90253950e+02 -5.98155132e+27
5.90257245e+02 -6.21085564e+27
5.90260540e+02 -3.68683231e+27
5.90263836e+02 -3.66555254e+27
5.90267131e+02 -3.58326010e+27
5.90270426e+02 -4.18219497e+27
5.90273721e+02 -4.52629699e+27
5.90277016e+02 -1.67116423e+27
5.90280311e+02 -3.78621675e+27
5.90283606e+02 -4.16443248e+27
5.90286901e+02 -1.76484064e+27
5.90290197e+02 -2.97833180e+27
5.90293492e+02 3.34367425e+26
5.90296787e+02 4.22975656e+27
5.90300082e+02 2.97882904e+27
5.90303377e+02 -2.82666387e+27
5.90306672e+02 -5.00248399e+27
5.90309967e+02 -6.66252012e+27
5.90313262e+02 -3.15452410e+27
5.90316557e+02 3.69142100e+27
5.90319853e+02 4.09759612e+27
5.90323148e+02 6.53975574e+26
5.90326443e+02 -1.08153575e+27
5.90329738e+02 -4.82039589e+27
5.90333033e+02 -4.47830140e+27
5.90336328e+02 -3.61329266e+27
5.90339623e+02 -5.60514582e+26
5.90342918e+02 -3.94998169e+27
5.90346214e+02 -5.12581780e+27
5.90349509e+02 -2.43103574e+27
5.90352804e+02 -2.21459113e+27
5.90356099e+02 -3.15717426e+27
5.90359394e+02 -6.57233257e+26
5.90362689e+02 -2.31715608e+27
5.90365984e+02 -2.55528343e+27
5.90369279e+02 3.03942093e+25
5.90372574e+02 -2.41606871e+27
5.90375870e+02 -5.46307538e+27
5.90379165e+02 -3.02057633e+27
5.90382460e+02 -7.93214486e+26
5.90385755e+02 -1.02556662e+27
5.90389050e+02 1.94031292e+26
5.90392345e+02 1.53957196e+26
5.90395640e+02 9.97398908e+25
5.90398935e+02 1.10008782e+27
5.90402231e+02 1.91448116e+27
5.90405526e+02 3.15806085e+27
5.90408821e+02 8.31515071e+26
5.90412116e+02 1.56291648e+28
5.90415411e+02 3.65114578e+28
