# Wavelength Flux(MR)
5.89097364e+02 -5.56094110e+28
5.89100659e+02 -1.43924161e+28
5.89103954e+02 2.80185267e+28
5.89107249e+02 4.22520536e+28
5.89110544e+02 3.25823872e+28
5.89113839e+02 1.92308909e+28
5.89117135e+02 8.12522363e+27
5.89120430e+02 3.98255308e+26
5.89123725e+02 -3.98383796e+27
5.89127020e+02 4.36714022e+27
5.89130315e+02 7.41709743e+27
5.89133610e+02 9.80338240e+27
5.89136905e+02 8.12524010e+27
5.89140200e+02 7.64556444e+27
5.89143496e+02 1.42016006e+27
5.89146791e+02 3.24606875e+27
5.89150086e+02 3.58705633e+27
5.89153381e+02 5.45919551e+27
5.89156676e+02 6.49005523e+27
5.89159971e+02 4.56078092e+27
5.89163266e+02 3.41511692e+27
5.89166561e+02 1.67621778e+27
5.89169856e+02 3.89786868e+27
5.89173152e+02 9.22023727e+27
5.89176447e+02 1.04082430e+28
5.89179742e+02 8.27291963e+27
5.89183037e+02 4.06417010e+27
5.89186332e+02 1.75125993e+27
5.89189627e+02 2.76986691e+27
5.89192922e+02 6.56516379e+26
5.89196217e+02 3.40220629e+27
5.89199513e+02 5.31624375e+27
5.89202808e+02 4.20681328e+26
5.89206103e+02 4.98551489e+26
5.89209398e+02 2.19665263e+27
5.89212693e+02 2.07685931e+25
5.89215988e+02 -1.83600957e+27
5.89219283e+02 2.41104357e+27
5.89222578e+02 -8.18203984e+26
5.89225873e+02 2.38084021e+27
5.89229169e+02 3.66025359e+27
5.89232464e+02 7.35223622e+27
5.89235759e+02 1.27801141e+27
5.89239054e+02 3.48456831e+27
5.89242349e+02 6.34841679e+27
5.89245644e+02 2.59846461e+27
5.89248939e+02 1.04913196e+27
5.89252234e+02 6.97982235e+26
5.89255530e+02 5.76741299e+27
5.89258825e+02 1.63066715e+27
5.89262120e+02 2.16179363e+27
5.89265415e+02 1.27826847e+27
5.89268710e+02 3.13658259e+27
5.89272005e+02 3.51589232e+27
5.89275300e+02 2.34776860e+27
5.89278595e+02 1.78412227e+27
5.89281890e+02 3.06252948e+27
5.89285186e+02 2.43608293e+27
5.89288481e+02 5.84950029e+27
5.89291776e+02 7.93018776e+27
5.89295071e+02 4.33715229e+27
5.89298366e+02 4.18043964e+27
5.89301661e+02 3.68865683e+27
5.89304956e+02 -1.31202263e+27
5.89308251e+02 1.07195281e+27
5.89311547e+02 -8.38136160e+26
5.89314842e+02 8.39663915e+26
5.89318137e+02 5.16489632e+27
5.89321432e+02 3.13379752e+27
5.89324727e+02 -4.63799852e+27
5.89328022e+02 -1.91919675e+27
5.89331317e+02 4.68383147e+27
5.89334612e+02 1.22065511e+28
5.89337907e+02 8.70993218e+27
5.89341203e+02 7.50180209e+27
5.89344498e+02 3.60317786e+27
5.89347793e+02 4.41221786e+27
5.89351088e+02 1.06588119e+27
5.89354383e+02 3.38938088e+27
5.89357678e+02 4.14951364e+27
5.89360973e+02 6.55382077e+27
5.89364268e+02 1.21310902e+26
5.89367564e+02 -3.75219144e+27
5.89370859e+02 -2.87024711e+26
5.89374154e+02 -3.84302777e+27
5.89377449e+02 -1.04009465e+27
5.89380744e+02 3.31413128e+27
5.89384039e+02 -4.55584804e+27
5.89387334e+02 -7.16811159e+27
5.89390629e+02 -9.16131869e+27
5.89393924e+02 -4.34341528e+27
5.89397220e+02 -2.40823618e+27
5.89400515e+02 -1.67088147e+27
5.89403810e+02 2.99496060e+27
5.89407105e+02 7.96587033e+27
5.89410400e+02 7.07063961e+27
5.89413695e+02 2.41836419e+27
5.89416990e+02 -1.27686683e+27
5.89420285e+02 -4.47962902e+26
5.89423581e+02 2.92721055e+27
5.89426876e+02 1.17976477e+27
5.89430171e+02 2.22747872e+27
5.89433466e+02 -6.14157418e+26
5.89436761e+02 2.40479782e+26
5.89440056e+02 -2.44653169e+27
5.89443351e+02 6.12362604e+26
5.89446646e+02 -1.82928886e+27
5.89449941e+02 -4.03597466e+26
5.89453237e+02 1.10024667e+27
5.89456532e+02 7.91032218e+26
5.89459827e+02 -2.37146632e+27
5.89463122e+02 -2.45338285e+27
5.89466417e+02 -2.41351253e+27
5.89469712e+02 1.30338922e+27
5.89473007e+02 4.76820625e+27
5.89476302e+02 4.75064496e+27
5.89479598e+02 5.76471903e+27
5.89482893e+02 1.17590777e+27
5.89486188e+02 6.95097503e+27
5.89489483e+02 2.18781167e+27
5.89492778e+02 -3.80781144e+26
5.89496073e+02 -2.41247844e+27
5.89499368e+02 6.73632319e+24
5.89502663e+02 7.78206485e+26
5.89505959e+02 -2.71592022e+27
5.89509254e+02 -6.83069547e+27
5.89512549e+02 -3.73177085e+27
5.89515844e+02 -3.77967955e+26
5.89519139e+02 4.12207170e+27
5.89522434e+02 4.56431759e+27
5.89525729e+02 -2.82379300e+27
5.89529024e+02 -1.80720851e+27
5.89532319e+02 -1.28615063e+27
5.89535615e+02 -2.83227272e+27
5.89538910e+02 -3.30896944e+27
5.89542205e+02 -2.72340740e+27
5.89545500e+02 -1.38000712e+26
5.89548795e+02 -3.71985463e+27
5.89552090e+02 3.40015339e+27
5.89555385e+02 -7.27948806e+26
5.89558680e+02 -1.54521022e+27
5.89561976e+02 -2.26861722e+27
5.89565271e+02 2.09026253e+27
5.89568566e+02 -1.36089187e+27
5.89571861e+02 1.06565624e+26
5.89575156e+02 -3.05039016e+27
5.89578451e+02 2.06276132e+27
5.89581746e+02 -4.76871289e+26
5.89585041e+02 -1.93960170e+27
5.89588336e+02 -4.02738618e+27
5.89591632e+02 1.70275822e+27
5.89594927e+02 -1.08642152e+27
5.89598222e+02 -6.93804496e+27
5.89601517e+02 -3.25463369e+27
5.89604812e+02 1.87303776e+27
5.89608107e+02 -2.62891769e+27
5.89611402e+02 -4.28242911e+26
5.89614697e+02 -2.01116203e+27
5.89617993e+02 -1.18584684e+27
5.89621288e+02 -7.85349701e+26
5.89624583e+02 -3.21479798e+27
5.89627878e+02 1.76673433e+27
5.89631173e+02 2.03087210e+27
5.89634468e+02 -3.92977586e+27
5.89637763e+02 1.64798405e+27
5.89641058e+02 6.86708248e+26
5.89644353e+02 -2.35888269e+27
5.89647649e+02 5.52918747e+26
5.89650944e+02 4.45807688e+27
5.89654239e+02 -9.35369855e+26
5.89657534e+02 -2.88847724e+27
5.89660829e+02 1.00954249e+27
5.89664124e+02 3.84109923e+27
5.89667419e+02 2.45103705e+27
5.89670714e+02 2.25329117e+27
5.89674010e+02 -3.73939538e+27
5.89677305e+02 6.67358211e+26
5.89680600e+02 -6.70475148e+26
5.89683895e+02 -2.29087824e+27
5.89687190e+02 -3.45817108e+27
5.89690485e+02 -4.08529800e+27
5.89693780e+02 -2.52234086e+27
5.89697075e+02 7.32073858e+27
5.89700370e+02 2.35931487e+28
5.89703666e+02 2.93713773e+28
5.89706961e+02 2.74814385e+28
5.89710256e+02 1.55640669e+28
5.89713551e+02 3.94167839e+27
5.89716846e+02 -5.46250341e+27
5.89720141e+02 -1.24443733e+27
5.89723436e+02 4.45954630e+26
5.89726731e+02 -2.88861465e+27
5.89730027e+02 1.01451509e+27
5.89733322e+02 1.97307233e+27
5.89736617e+02 4.88587494e+27
5.89739912e+02 -6.30354704e+26
5.89743207e+02 1.12586320e+27
5.89746502e+02 4.07666558e+27
5.89749797e+02 3.56629998e+27
5.89753092e+02 -4.17430132e+27
5.89756387e+02 -9.56969728e+26
5.89759683e+02 2.88443983e+27
5.89762978e+02 2.84490283e+27
5.89766273e+02 3.82091600e+27
5.89769568e+02 1.33509553e+27
5.89772863e+02 3.56497442e+27
5.89776158e+02 2.11069730e+27
5.89779453e+02 2.20628687e+27
5.89782748e+02 -1.35745232e+27
5.89786044e+02 -5.95468088e+26
5.89789339e+02 -3.85335080e+26
5.89792634e+02 1.51784485e+27
5.89795929e+02 2.94129662e+26
5.89799224e+02 -3.03732036e+27
5.89802519e+02 -4.10221303e+27
5.89805814e+02 -5.78450418e+27
5.89809109e+02 -4.38459718e+27
5.89812404e+02 -1.69120226e+27
5.89815700e+02 -2.61205380e+27
5.89818995e+02 -1.81898183e+26
5.89822290e+02 -5.01072461e+24
5.89825585e+02 -5.24645934e+27
5.89828880e+02 -2.75495215e+27
5.89832175e+02 -3.84116334e+27
5.89835470e+02 7.35915595e+26
5.89838765e+02 -3.23689581e+27
5.89842061e+02 -3.53140778e+27
5.89845356e+02 -6.77309008e+27
5.89848651e+02 -4.17151381e+27
5.89851946e+02 -2.51562970e+26
5.89855241e+02 2.64750660e+26
5.89858536e+02 -2.75555286e+27
5.89861831e+02 1.26881152e+27
5.89865126e+02 4.31050553e+27
5.89868421e+02 2.96549552e+27
5.89871717e+02 5.78503316e+26
5.89875012e+02 1.30030159e+27
5.89878307e+02 1.60610855e+27
5.89881602e+02 4.77273785e+26
5.89884897e+02 1.61008635e+27
5.89888192e+02 3.35422369e+26
5.89891487e+02 -1.29767442e+26
5.89894782e+02 -8.40249122e+26
5.89898078e+02 -1.07651962e+27
5.89901373e+02 4.07822628e+26
5.89904668e+02 -2.03956869e+27
5.89907963e+02 -2.97411505e+27
5.89911258e+02 -6.28541201e+27
5.89914553e+02 1.27511797e+27
5.89917848e+02 2.60756287e+27
5.89921143e+02 -1.50774055e+26
5.89924438e+02 -2.03228546e+27
5.89927734e+02 -2.37731516e+27
5.89931029e+02 -7.30649816e+26
5.89934324e+02 -3.35768251e+27
5.89937619e+02 1.28309129e+27
5.89940914e+02 1.33259699e+27
5.89944209e+02 -1.94739679e+27
5.89947504e+02 2.80434295e+27
5.89950799e+02 -1.32958905e+27
5.89954095e+02 2.18737844e+26
5.89957390e+02 3.16077114e+27
5.89960685e+02 7.28596389e+27
5.89963980e+02 8.40446783e+27
5.89967275e+02 9.01960188e+27
5.89970570e+02 2.22132171e+27
5.89973865e+02 -1.82256736e+26
5.89977160e+02 -2.72214499e+27
5.89980455e+02 -3.69991010e+27
5.89983751e+02 4.76286457e+27
5.89987046e+02 7.15958275e+27
5.89990341e+02 1.04812136e+28
5.89993636e+02 4.30315038e+27
5.89996931e+02 2.48468886e+27
5.90000226e+02 2.00742161e+27
5.90003521e+02 -3.72722930e+27
5.90006816e+02 9.68000773e+26
5.90010112e+02 -2.00021575e+27
5.90013407e+02 3.83899174e+26
5.90016702e+02 -1.39060054e+27
5.90019997e+02 -2.96898163e+27
5.90023292e+02 -4.22411935e+27
5.90026587e+02 -3.04450710e+27
5.90029882e+02 -2.18081740e+27
5.90033177e+02 -9.58548428e+27
5.90036472e+02 -1.63729009e+27
5.90039768e+02 -2.22839979e+27
5.90043063e+02 1.95393222e+26
5.90046358e+02 2.60707183e+27
5.90049653e+02 2.94194624e+26
5.90052948e+02 1.74439693e+27
5.90056243e+02 -3.07127888e+27
5.90059538e+02 -7.54484659e+27
5.90062833e+02 -3.55594487e+27
5.90066129e+02 -3.30145090e+27
5.90069424e+02 -3.04815244e+27
5.90072719e+02 3.93819194e+27
5.90076014e+02 6.72024820e+27
5.90079309e+02 1.14613830e+27
5.90082604e+02 2.41375346e+27
5.90085899e+02 1.14741945e+27
5.90089194e+02 -1.47284095e+27
5.90092489e+02 -3.41124694e+27
5.90095785e+02 5.28589666e+26
5.90099080e+02 -5.88024221e+26
5.90102375e+02 -5.74159969e+26
5.90105670e+02 3.52165892e+26
5.90108965e+02 7.52320930e+26
5.90112260e+02 -1.15620570e+27
5.90115555e+02 -7.09102736e+26
5.90118850e+02 1.19394266e+27
5.90122146e+02 -4.45131047e+27
5.90125441e+02 -7.15930137e+26
5.90128736e+02 -3.27868679e+27
5.90132031e+02 -4.02785875e+27
5.90135326e+02 -2.66570955e+25
5.90138621e+02 2.25068929e+27
5.90141916e+02 -2.82924903e+26
5.90145211e+02 4.68795998e+27
5.90148506e+02 1.43377098e+27
5.90151802e+02 -6.56963882e+27
5.90155097e+02 -3.17928739e+27
5.90158392e+02 -2.47978784e+27
5.90161687e+02 -2.21641892e+27
5.90164982e+02 -5.88050526e+27
5.90168277e+02 -7.58387686e+27
5.90171572e+02 -2.78818783e+27
5.90174867e+02 2.10819386e+27
5.90178163e+02 2.28482013e+27
5.90181458e+02 -1.19118515e+27
5.90184753e+02 -2.47282883e+27
5.90188048e+02 -3.55491837e+27
5.90191343e+02 -4.65648561e+26
5.90194638e+02 -1.49210578e+27
5.90197933e+02 -5.98954566e+26
5.90201228e+02 -3.22754827e+27
5.90204523e+02 -7.24723480e+27
5.90207819e+02 -6.07825845e+27
5.90211114e+02 -6.52445522e+27
5.90214409e+02 -4.23836326e+27
5.90217704e+02 -4.21663842e+27
5.90220999e+02 -5.60510694e+27
5.90224294e+02 -4.83945031e+27
5.90227589e+02 -1.92480518e+27
5.90230884e+02 -8.32582013e+27
5.90234180e+02 -1.97528331e+27
5.90237475e+02 -4.83633972e+27
5.90240770e+02 -4.07063598e+27
5.90244065e+02 -2.95699415e+27
5.90247360e+02 -1.72216366e+27
5.90250655e+02 -3.18932058e+27
5.90253950e+02 -6.44915163e+27
5.90257245e+02 -6.77420984e+27
5.90260540e+02 -5.71611008e+27
5.90263836e+02 -5.19114806e+27
5.90267131e+02 -1.42044550e+27
5.90270426e+02 -1.05606971e+27
5.90273721e+02 -3.70964430e+27
5.90277016e+02 -4.28283811e+26
5.90280311e+02 -2.03331901e+27
5.90283606e+02 -3.81215892e+27
5.90286901e+02 -4.73002044e+27
5.90290197e+02 -5.84261854e+27
5.90293492e+02 2.13201706e+27
5.90296787e+02 5.59527195e+27
5.90300082e+02 2.26021093e+27
5.90303377e+02 -2.92748710e+27
5.90306672e+02 -7.54915983e+27
5.90309967e+02 -1.00131743e+28
5.90313262e+02 -9.40661700e+27
5.90316557e+02 1.89483736e+26
5.90319853e+02 2.69677345e+27
5.90323148e+02 7.17844536e+26
5.90326443e+02 -2.08258265e+27
5.90329738e+02 -5.10289613e+27
5.90333033e+02 -3.45500270e+27
5.90336328e+02 -6.29216492e+27
5.90339623e+02 -4.31300417e+27
5.90342918e+02 -3.52808954e+27
5.90346214e+02 -5.55433562e+27
5.90349509e+02 -4.10344858e+27
5.90352804e+02 -7.87736815e+27
5.90356099e+02 -4.33883672e+27
5.90359394e+02 -2.41455899e+27
5.90362689e+02 -6.65705623e+26
5.90365984e+02 -1.98258649e+27
5.90369279e+02 9.37973657e+26
5.90372574e+02 -1.85008530e+27
5.90375870e+02 -4.13921206e+27
5.90379165e+02 -3.62468680e+27
5.90382460e+02 -3.19638540e+27
5.90385755e+02 -1.33335049e+27
5.90389050e+02 1.22057714e+26
5.90392345e+02 -1.41699372e+27
5.90395640e+02 1.93734112e+27
5.90398935e+02 3.33241194e+27
5.90402231e+02 1.88385488e+27
5.90405526e+02 -1.48467455e+27
5.90408821e+02 3.97238444e+27
5.90412116e+02 1.64470585e+28
5.90415411e+02 3.31615799e+28
