# Wavelength Flux(MR)
5.89097364e+02 -5.59159563e+28
5.89100659e+02 -1.95656856e+28
5.89103954e+02 1.99014855e+28
5.89107249e+02 3.90492545e+28
5.89110544e+02 3.77096999e+28
5.89113839e+02 2.19958487e+28
5.89117135e+02 9.93879232e+27
5.89120430e+02 3.62625472e+27
5.89123725e+02 -1.18425477e+27
5.89127020e+02 4.23420484e+27
5.89130315e+02 1.28312429e+28
5.89133610e+02 1.60807648e+28
5.89136905e+02 1.74241969e+28
5.89140200e+02 1.10861358e+28
5.89143496e+02 7.81952703e+27
5.89146791e+02 7.89601230e+27
5.89150086e+02 5.65862888e+27
5.89153381e+02 5.29593765e+27
5.89156676e+02 1.63784242e+27
5.89159971e+02 4.41481060e+27
5.89163266e+02 -1.74474663e+27
5.89166561e+02 -3.22327405e+27
5.89169856e+02 -3.35132825e+27
5.89173152e+02 2.55879530e+27
5.89176447e+02 1.05489405e+28
5.89179742e+02 1.15845236e+28
5.89183037e+02 7.03837589e+27
5.89186332e+02 5.49765017e+27
5.89189627e+02 7.12803245e+27
5.89192922e+02 1.34640906e+27
5.89196217e+02 4.49113725e+27
5.89199513e+02 3.55277912e+27
5.89202808e+02 4.78404913e+27
5.89206103e+02 4.74092800e+27
5.89209398e+02 2.17725094e+27
5.89212693e+02 1.24744435e+26
5.89215988e+02 -3.11310361e+27
5.89219283e+02 -4.16195321e+27
5.89222578e+02 -1.95298758e+27
5.89225873e+02 5.31205843e+27
5.89229169e+02 4.37452047e+27
5.89232464e+02 3.29371650e+27
5.89235759e+02 2.79615121e+27
5.89239054e+02 2.97425271e+27
5.89242349e+02 2.90597153e+27
5.89245644e+02 2.96019789e+27
5.89248939e+02 2.87911345e+27
5.89252234e+02 2.14706713e+27
5.89255530e+02 1.48757331e+26
5.89258825e+02 3.61364688e+27
5.89262120e+02 5.87436481e+27
5.89265415e+02 3.25562085e+27
5.89268710e+02 6.57102298e+26
5.89272005e+02 -7.21882635e+26
5.89275300e+02 -5.99822198e+26
5.89278595e+02 -1.63667703e+27
5.89281890e+02 2.26672640e+27
5.89285186e+02 4.03657592e+27
5.89288481e+02 2.72508677e+27
5.89291776e+02 1.86569309e+27
5.89295071e+02 5.39954886e+27
5.89298366e+02 2.84445992e+27
5.89301661e+02 9.54508402e+26
5.89304956e+02 5.10633688e+26
5.89308251e+02 -2.92434507e+27
5.89311547e+02 -3.36320131e+27
5.89314842e+02 2.13182749e+27
5.89318137e+02 3.59771241e+27
5.89321432e+02 -5.26902062e+27
5.89324727e+02 -1.05714031e+28
5.89328022e+02 -4.49753032e+27
5.89331317e+02 7.66405606e+27
5.89334612e+02 1.45126768e+28
5.89337907e+02 1.34144549e+28
5.89341203e+02 1.67565535e+28
5.89344498e+02 1.07065989e+28
5.89347793e+02 7.26675941e+27
5.89351088e+02 5.37305666e+27
5.89354383e+02 4.64971897e+27
5.89357678e+02 5.40335318e+27
5.89360973e+02 2.01653437e+27
5.89364268e+02 3.44096072e+25
5.89367564e+02 -1.32408676e+27
5.89370859e+02 -2.05781608e+27
5.89374154e+02 -2.55886502e+27
5.89377449e+02 -2.78389924e+27
5.89380744e+02 -5.35213477e+27
5.89384039e+02 -1.07823235e+28
5.89387334e+02 -1.49641342e+28
5.89390629e+02 -1.45810940e+28
5.89393924e+02 -8.30021510e+27
5.89397220e+02 -3.26391637e+27
5.89400515e+02 -4.95497912e+26
5.89403810e+02 6.77278908e+27
5.89407105e+02 1.69636503e+28
5.89410400e+02 1.58600232e+28
5.89413695e+02 7.98458993e+27
5.89416990e+02 1.02225308e+28
5.89420285e+02 1.28353995e+27
5.89423581e+02 9.17270817e+26
5.89426876e+02 1.35267927e+27
5.89430171e+02 2.59140371e+27
5.89433466e+02 4.11453130e+27
5.89436761e+02 1.77779063e+27
5.89440056e+02 1.46591391e+27
5.89443351e+02 -4.95870205e+26
5.89446646e+02 1.97644051e+26
5.89449941e+02 5.41792380e+27
5.89453237e+02 1.42794411e+27
5.89456532e+02 -1.65853673e+27
5.89459827e+02 -4.13385210e+27
5.89463122e+02 -3.31097689e+27
5.89466417e+02 -5.39438450e+27
5.89469712e+02 6.03532272e+25
5.89473007e+02 4.51422438e+27
5.89476302e+02 1.01333320e+28
5.89479598e+02 5.26053318e+27
5.89482893e+02 5.92848899e+27
5.89486188e+02 1.93835472e+27
5.89489483e+02 6.20140133e+26
5.89492778e+02 1.25981537e+27
5.89496073e+02 1.04221536e+27
5.89499368e+02 1.40433014e+27
5.89502663e+02 2.25282168e+27
5.89505959e+02 -3.69731275e+27
5.89509254e+02 -6.27324307e+27
5.89512549e+02 -5.09303221e+27
5.89515844e+02 -2.99637448e+27
5.89519139e+02 3.54469062e+27
5.89522434e+02 4.83317978e+27
5.89525729e+02 2.94658953e+27
5.89529024e+02 2.29046933e+27
5.89532319e+02 -1.53421844e+26
5.89535615e+02 2.36536117e+27
5.89538910e+02 2.28563373e+27
5.89542205e+02 -1.76794023e+27
5.89545500e+02 -9.35867942e+26
5.89548795e+02 -1.53240903e+27
5.89552090e+02 1.28211105e+27
5.89555385e+02 -2.38019459e+27
5.89558680e+02 2.86964417e+27
5.89561976e+02 -7.08228272e+26
5.89565271e+02 1.18956436e+27
5.89568566e+02 1.52221595e+27
5.89571861e+02 -8.22207300e+26
5.89575156e+02 1.71406285e+27
5.89578451e+02 1.11949336e+27
5.89581746e+02 2.77355715e+26
5.89585041e+02 3.86257653e+26
5.89588336e+02 -1.58912158e+27
5.89591632e+02 -1.83743882e+27
5.89594927e+02 -1.98073156e+27
5.89598222e+02 -3.05172354e+27
5.89601517e+02 -3.00578932e+27
5.89604812e+02 1.24877089e+27
5.89608107e+02 1.28887267e+27
5.89611402e+02 3.31867039e+27
5.89614697e+02 2.38661887e+27
5.89617993e+02 1.83432050e+27
5.89621288e+02 5.59369000e+26
5.89624583e+02 -1.61214997e+25
5.89627878e+02 -7.34461306e+26
5.89631173e+02 -1.71847592e+27
5.89634468e+02 -3.15812180e+27
5.89637763e+02 -6.39654509e+26
5.89641058e+02 -1.23814960e+27
5.89644353e+02 -2.58646226e+27
5.89647649e+02 -5.79112252e+27
5.89650944e+02 -3.96965861e+27
5.89654239e+02 -6.56444332e+27
5.89657534e+02 -3.86894772e+27
5.89660829e+02 -2.16733553e+27
5.89664124e+02 -3.75315473e+27
5.89667419e+02 -5.09210033e+27
5.89670714e+02 -3.02264784e+27
5.89674010e+02 -5.63402118e+27
5.89677305e+02 -7.68620441e+27
5.89680600e+02 -7.94992264e+27
5.89683895e+02 -1.33450730e+28
5.89687190e+02 -1.33513538e+28
5.89690485e+02 -1.34661843e+28
5.89693780e+02 -6.31124707e+27
5.89697075e+02 5.80874818e+27
5.89700370e+02 2.03604523e+28
5.89703666e+02 3.22320542e+28
5.89706961e+02 3.28407928e+28
5.89710256e+02 2.31659909e+28
5.89713551e+02 1.68997392e+28
5.89716846e+02 9.97281041e+27
5.89720141e+02 7.34796993e+27
5.89723436e+02 1.11686578e+27
5.89726731e+02 5.08129456e+27
5.89730027e+02 7.52240288e+27
5.89733322e+02 2.25804562e+27
5.89736617e+02 1.55185885e+27
5.89739912e+02 2.80286480e+27
5.89743207e+02 2.29702461e+27
5.89746502e+02 1.96963949e+27
5.89749797e+02 6.95328320e+27
5.89753092e+02 7.05263202e+27
5.89756387e+02 5.28008261e+27
5.89759683e+02 7.09816367e+27
5.89762978e+02 9.58124175e+27
5.89766273e+02 5.83459178e+27
5.89769568e+02 5.23389341e+27
5.89772863e+02 4.24550369e+27
5.89776158e+02 6.23897704e+27
5.89779453e+02 -1.76089376e+27
5.89782748e+02 1.05301121e+28
5.89786044e+02 -1.11927022e+27
5.89789339e+02 4.31871522e+26
5.89792634e+02 8.06003314e+26
5.89795929e+02 -1.62625293e+27
5.89799224e+02 -1.92499300e+27
5.89802519e+02 -1.83266639e+27
5.89805814e+02 -4.46578160e+27
5.89809109e+02 -3.84596529e+27
5.89812404e+02 1.95025268e+27
5.89815700e+02 9.54117354e+26
5.89818995e+02 -7.02529054e+27
5.89822290e+02 3.65619307e+26
5.89825585e+02 -7.87767437e+27
5.89828880e+02 -1.09862237e+27
5.89832175e+02 -3.84903542e+25
5.89835470e+02 7.34806648e+26
5.89838765e+02 -4.15507102e+27
5.89842061e+02 -7.80208922e+27
5.89845356e+02 -8.74121989e+27
5.89848651e+02 -3.46771728e+27
5.89851946e+02 1.83444469e+27
5.89855241e+02 6.97470057e+27
5.89858536e+02 1.34181790e+26
5.89861831e+02 2.12069884e+27
5.89865126e+02 1.44619999e+27
5.89868421e+02 6.12917449e+26
5.89871717e+02 -1.50145674e+27
5.89875012e+02 -1.83294688e+27
5.89878307e+02 -1.05711693e+27
5.89881602e+02 1.14740106e+27
5.89884897e+02 6.52315254e+26
5.89888192e+02 7.87171740e+26
5.89891487e+02 -1.85047762e+26
5.89894782e+02 -2.27397328e+27
5.89898078e+02 6.53331137e+26
5.89901373e+02 -1.45379556e+27
5.89904668e+02 -5.38010950e+27
5.89907963e+02 -6.68563407e+27
5.89911258e+02 -5.79026807e+27
5.89914553e+02 -1.29919180e+27
5.89917848e+02 3.41224133e+27
5.89921143e+02 -3.24589534e+26
5.89924438e+02 -4.01226920e+27
5.89927734e+02 -1.72953940e+27
5.89931029e+02 -1.92356353e+26
5.89934324e+02 -1.72537341e+27
5.89937619e+02 -1.20160742e+27
5.89940914e+02 -1.22066819e+27
5.89944209e+02 2.73049319e+27
5.89947504e+02 5.03208443e+27
5.89950799e+02 -1.19516098e+27
5.89954095e+02 -2.54751906e+27
5.89957390e+02 1.23971363e+27
5.89960685e+02 -1.31530437e+27
5.89963980e+02 2.55529112e+27
5.89967275e+02 -1.38732125e+27
5.89970570e+02 -3.16801324e+27
5.89973865e+02 -1.18131505e+28
5.89977160e+02 -1.32698653e+28
5.89980455e+02 -7.46343528e+27
5.89983751e+02 7.93152909e+27
5.89987046e+02 1.39382632e+28
5.89990341e+02 9.61303082e+27
5.89993636e+02 6.93775090e+27
5.89996931e+02 1.64664438e+27
5.90000226e+02 -1.24982452e+27
5.90003521e+02 -2.09885152e+27
5.90006816e+02 -3.63582043e+27
5.90010112e+02 -3.57269458e+26
5.90013407e+02 -1.86017085e+27
5.90016702e+02 -1.28599598e+27
5.90019997e+02 -1.21565938e+27
5.90023292e+02 -3.78701392e+27
5.90026587e+02 -8.60408415e+27
5.90029882e+02 -8.90886497e+27
5.90033177e+02 -1.03615152e+28
5.90036472e+02 -9.00244901e+27
5.90039768e+02 -2.48510827e+27
5.90043063e+02 1.82801202e+27
5.90046358e+02 3.40149691e+27
5.90049653e+02 -9.82947076e+25
5.90052948e+02 -3.40614939e+27
5.90056243e+02 -8.67019176e+27
5.90059538e+02 -9.57317173e+27
5.90062833e+02 -8.45017727e+27
5.90066129e+02 -1.61285928e+27
5.90069424e+02 5.49637286e+27
5.90072719e+02 8.31259103e+27
5.90076014e+02 2.85273865e+27
5.90079309e+02 1.42421722e+27
5.90082604e+02 5.19990291e+26
5.90085899e+02 -7.12471539e+26
5.90089194e+02 -5.04255555e+27
5.90092489e+02 -2.91194706e+27
5.90095785e+02 -3.67069408e+27
5.90099080e+02 -3.01407438e+27
5.90102375e+02 1.50659131e+27
5.90105670e+02 7.33642705e+26
5.90108965e+02 -4.13336399e+27
5.90112260e+02 -1.28506488e+27
5.90115555e+02 -1.34483831e+27
5.90118850e+02 -2.50327706e+27
5.90122146e+02 -1.91913987e+27
5.90125441e+02 -5.77217896e+26
5.90128736e+02 4.98569204e+26
5.90132031e+02 -1.54059945e+27
5.90135326e+02 -2.54664766e+27
5.90138621e+02 -6.48242878e+26
5.90141916e+02 -2.39054396e+27
5.90145211e+02 -2.35684838e+27
5.90148506e+02 -6.44122871e+27
5.90151802e+02 -9.71019547e+27
5.90155097e+02 -1.06008181e+28
5.90158392e+02 -6.69118117e+27
5.90161687e+02 -6.53979629e+27
5.90164982e+02 -9.58491862e+27
5.90168277e+02 -5.26868834e+27
5.90171572e+02 9.46873055e+26
5.90174867e+02 7.58426572e+27
5.90178163e+02 1.23480431e+28
5.90181458e+02 3.01257661e+27
5.90184753e+02 2.26983451e+27
5.90188048e+02 1.88273223e+26
5.90191343e+02 -2.58720878e+27
5.90194638e+02 -1.17913022e+27
5.90197933e+02 -3.81063450e+27
5.90201228e+02 -2.43382104e+27
5.90204523e+02 -1.29391600e+27
5.90207819e+02 -2.88668677e+27
5.90211114e+02 -3.68761727e+27
5.90214409e+02 -2.95680011e+27
5.90217704e+02 -3.46385236e+27
5.90220999e+02 -1.71464355e+27
5.90224294e+02 -2.59417526e+27
5.90227589e+02 -2.28191391e+27
5.90230884e+02 -1.76629412e+27
5.90234180e+02 -1.47333154e+27
5.90237475e+02 -6.98713730e+27
5.90240770e+02 -5.02746571e+27
5.90244065e+02 -2.22865828e+27
5.90247360e+02 -5.85468293e+27
5.90250655e+02 -3.24393391e+27
5.90253950e+02 -6.76547152e+27
5.90257245e+02 -4.79732464e+27
5.90260540e+02 -1.00094111e+27
5.90263836e+02 -2.07521945e+27
5.90267131e+02 1.81871231e+27
5.90270426e+02 2.64123780e+26
5.90273721e+02 -1.01466503e+27
5.90277016e+02 -1.53818010e+27
5.90280311e+02 -3.53689388e+27
5.90283606e+02 -5.75130954e+27
5.90286901e+02 -4.18711258e+27
5.90290197e+02 -2.66336605e+27
5.90293492e+02 1.12500148e+27
5.90296787e+02 2.83523035e+27
5.90300082e+02 -2.14892186e+27
5.90303377e+02 -1.04319721e+28
5.90306672e+02 -1.31752844e+28
5.90309967e+02 -1.21514618e+28
5.90313262e+02 -1.94337328e+27
5.90316557e+02 9.24417920e+27
5.90319853e+02 1.02345488e+28
5.90323148e+02 6.70614903e+27
5.90326443e+02 5.32899646e+27
5.90329738e+02 3.76713987e+26
5.90333033e+02 1.37606212e+27
5.90336328e+02 -1.07310576e+27
5.90339623e+02 -1.26210779e+27
5.90342918e+02 -1.07477863e+27
5.90346214e+02 -7.16134179e+27
5.90349509e+02 -5.53365977e+27
5.90352804e+02 -6.18543711e+27
5.90356099e+02 -2.63390637e+27
5.90359394e+02 -2.06777490e+27
5.90362689e+02 -1.43899447e+27
5.90365984e+02 -1.16198927e+27
5.90369279e+02 -8.73293880e+26
5.90372574e+02 -5.26749205e+27
5.90375870e+02 -5.74564185e+27
5.90379165e+02 -4.94619553e+27
5.90382460e+02 -2.94952031e+27
5.90385755e+02 1.89378145e+27
5.90389050e+02 1.29894571e+27
5.90392345e+02 1.70060646e+27
5.90395640e+02 8.18933248e+26
5.90398935e+02 3.13626219e+27
5.90402231e+02 2.80289633e+27
5.90405526e+02 6.48497431e+27
5.90408821e+02 1.25582948e+28
5.90412116e+02 2.29498734e+28
5.90415411e+02 4.12688665e+28
