Wavelength(nm) Intensity
5.89097364e+02 2.41835197e+03
5.89100659e+02 5.74610973e+03
5.89103954e+02 9.26450318e+03
5.89107249e+02 1.17693560e+04
5.89110544e+02 1.12070270e+04
5.89113839e+02 1.00062442e+04
5.89117135e+02 9.78821721e+03
5.89120430e+02 9.25677196e+03
5.89123725e+02 9.72826694e+03
5.89127020e+02 1.06720641e+04
5.89130315e+02 1.26326987e+04
5.89133610e+02 1.45068541e+04
5.89136905e+02 1.48694714e+04
5.89140200e+02 1.50479811e+04
5.89143496e+02 1.59451519e+04
5.89146791e+02 1.58784764e+04
5.89150086e+02 1.62916158e+04
5.89153381e+02 1.68839816e+04
5.89156676e+02 1.79150330e+04
5.89159971e+02 1.81467242e+04
5.89163266e+02 1.72127054e+04
5.89166561e+02 1.69477023e+04
5.89169856e+02 1.69036833e+04
5.89173152e+02 1.70882660e+04
5.89176447e+02 1.87879286e+04
5.89179742e+02 1.93057137e+04
5.89183037e+02 1.96117910e+04
5.89186332e+02 1.93236080e+04
5.89189627e+02 2.02009040e+04
5.89192922e+02 2.01474616e+04
5.89196217e+02 2.05570366e+04
5.89199513e+02 2.05873880e+04
5.89202808e+02 2.07579691e+04
5.89206103e+02 2.08710342e+04
5.89209398e+02 2.06747477e+04
5.89212693e+02 1.96824258e+04
5.89215988e+02 1.92189097e+04
5.89219283e+02 1.85235912e+04
5.89222578e+02 1.90609294e+04
5.89225873e+02 2.00656853e+04
5.89229169e+02 2.03930712e+04
5.89232464e+02 2.08669726e+04
5.89235759e+02 2.17127667e+04
5.89239054e+02 2.19607009e+04
5.89242349e+02 2.16587057e+04
5.89245644e+02 2.14844512e+04
5.89248939e+02 2.23726147e+04
5.89252234e+02 2.21205989e+04
5.89255530e+02 2.20896557e+04
5.89258825e+02 2.21773826e+04
5.89262120e+02 2.23029626e+04
5.89265415e+02 2.19218060e+04
5.89268710e+02 2.13741076e+04
5.89272005e+02 2.06381446e+04
5.89275300e+02 2.01387576e+04
5.89278595e+02 2.00153036e+04
5.89281890e+02 2.16956749e+04
5.89285186e+02 2.16833283e+04
5.89288481e+02 2.17410449e+04
5.89291776e+02 2.19921060e+04
5.89295071e+02 2.17636910e+04
5.89298366e+02 2.14646237e+04
5.89301661e+02 2.10852351e+04
5.89304956e+02 2.17899058e+04
5.89308251e+02 2.11058874e+04
5.89311547e+02 1.98538286e+04
5.89314842e+02 2.04780604e+04
5.89318137e+02 2.03999837e+04
5.89321432e+02 1.81902826e+04
5.89324727e+02 1.68458491e+04
5.89328022e+02 1.71759168e+04
5.89331317e+02 1.88067538e+04
5.89334612e+02 2.09629601e+04
5.89337907e+02 2.15083848e+04
5.89341203e+02 2.12439635e+04
5.89344498e+02 2.17843134e+04
5.89347793e+02 2.13423801e+04
5.89351088e+02 2.15975059e+04
5.89354383e+02 2.21618507e+04
5.89357678e+02 2.19942230e+04
5.89360973e+02 2.13292657e+04
5.89364268e+02 1.99020176e+04
5.89367564e+02 2.00856773e+04
5.89370859e+02 1.88978536e+04
5.89374154e+02 1.82549361e+04
5.89377449e+02 1.76198321e+04
5.89380744e+02 1.62456634e+04
5.89384039e+02 1.43014485e+04
5.89387334e+02 1.31198259e+04
5.89390629e+02 1.19675102e+04
5.89393924e+02 1.25998714e+04
5.89397220e+02 1.40994806e+04
5.89400515e+02 1.59292351e+04
5.89403810e+02 1.76958499e+04
5.89407105e+02 2.00099848e+04
5.89410400e+02 2.08010541e+04
5.89413695e+02 2.16582888e+04
5.89416990e+02 2.11699627e+04
5.89420285e+02 2.17979785e+04
5.89423581e+02 2.13347478e+04
5.89426876e+02 2.16407256e+04
5.89430171e+02 2.14442128e+04
5.89433466e+02 2.20061547e+04
5.89436761e+02 2.20410731e+04
5.89440056e+02 2.23071401e+04
5.89443351e+02 2.16365031e+04
5.89446646e+02 2.18738675e+04
5.89449941e+02 2.11531082e+04
5.89453237e+02 2.12539647e+04
5.89456532e+02 2.15585807e+04
5.89459827e+02 2.09496245e+04
5.89463122e+02 1.97035722e+04
5.89466417e+02 1.93660442e+04
5.89469712e+02 1.96775246e+04
5.89473007e+02 2.09018937e+04
5.89476302e+02 2.24254454e+04
5.89479598e+02 2.20534588e+04
5.89482893e+02 2.21393402e+04
5.89486188e+02 2.15568630e+04
5.89489483e+02 2.16353128e+04
5.89492778e+02 2.25710925e+04
5.89496073e+02 2.22244342e+04
5.89499368e+02 2.20164099e+04
5.89502663e+02 2.11647208e+04
5.89505959e+02 2.03807248e+04
5.89509254e+02 1.95285661e+04
5.89512549e+02 1.89397979e+04
5.89515844e+02 1.98878666e+04
5.89519139e+02 2.09601936e+04
5.89522434e+02 2.15882157e+04
5.89525729e+02 2.11596854e+04
5.89529024e+02 2.12394449e+04
5.89532319e+02 2.23220032e+04
5.89535615e+02 2.19036412e+04
5.89538910e+02 2.15604650e+04
5.89542205e+02 2.13423830e+04
5.89545500e+02 2.20055605e+04
5.89548795e+02 2.11095026e+04
5.89552090e+02 2.16339941e+04
5.89555385e+02 2.18489849e+04
5.89558680e+02 2.16578913e+04
5.89561976e+02 2.22479969e+04
5.89565271e+02 2.16605809e+04
5.89568566e+02 2.22198595e+04
5.89571861e+02 2.18946281e+04
5.89575156e+02 2.22188190e+04
5.89578451e+02 2.15398791e+04
5.89581746e+02 2.11695151e+04
5.89585041e+02 2.08251551e+04
5.89588336e+02 2.07494924e+04
5.89591632e+02 1.99027306e+04
5.89594927e+02 1.94520459e+04
5.89598222e+02 1.96191657e+04
5.89601517e+02 1.88680473e+04
5.89604812e+02 2.00184080e+04
5.89608107e+02 2.06972595e+04
5.89611402e+02 2.08897679e+04
5.89614697e+02 2.01077355e+04
5.89617993e+02 1.96254929e+04
5.89621288e+02 1.97610132e+04
5.89624583e+02 1.96600141e+04
5.89627878e+02 1.95435702e+04
5.89631173e+02 2.05054281e+04
5.89634468e+02 2.00468156e+04
5.89637763e+02 1.96883615e+04
5.89641058e+02 1.91528729e+04
5.89644353e+02 1.87117865e+04
5.89647649e+02 1.80117542e+04
5.89650944e+02 1.76238816e+04
5.89654239e+02 1.71867598e+04
5.89657534e+02 1.58534762e+04
5.89660829e+02 1.57691624e+04
5.89664124e+02 1.50388647e+04
5.89667419e+02 1.42251712e+04
5.89670714e+02 1.33919631e+04
5.89674010e+02 1.19641117e+04
5.89677305e+02 1.07001338e+04
5.89680600e+02 9.06983317e+03
5.89683895e+02 6.80351637e+03
5.89687190e+02 4.52509523e+03
5.89690485e+02 2.67771233e+03
5.89693780e+02 2.34466747e+03
5.89697075e+02 3.84523246e+03
5.89700370e+02 6.51664413e+03
5.89703666e+02 9.05111762e+03
5.89706961e+02 1.04873480e+04
5.89710256e+02 1.09180906e+04
5.89713551e+02 1.12078946e+04
5.89716846e+02 1.16756287e+04
5.89720141e+02 1.29324550e+04
5.89723436e+02 1.44114785e+04
5.89726731e+02 1.51253987e+04
5.89730027e+02 1.63589209e+04
5.89733322e+02 1.68708262e+04
5.89736617e+02 1.79737222e+04
5.89739912e+02 1.81620303e+04
5.89743207e+02 1.83269378e+04
5.89746502e+02 1.86493590e+04
5.89749797e+02 1.94910971e+04
5.89753092e+02 1.93073292e+04
5.89756387e+02 1.94835616e+04
5.89759683e+02 1.98525020e+04
5.89762978e+02 2.07426536e+04
5.89766273e+02 2.05000038e+04
5.89769568e+02 2.09385075e+04
5.89772863e+02 2.13838143e+04
5.89776158e+02 2.19584846e+04
5.89779453e+02 2.16976535e+04
5.89782748e+02 2.09235662e+04
5.89786044e+02 2.07918866e+04
5.89789339e+02 2.13111556e+04
5.89792634e+02 2.02556530e+04
5.89795929e+02 2.06386193e+04
5.89799224e+02 2.01769374e+04
5.89802519e+02 1.92086060e+04
5.89805814e+02 1.84645454e+04
5.89809109e+02 1.81587229e+04
5.89812404e+02 1.83096895e+04
5.89815700e+02 1.91112154e+04
5.89818995e+02 1.94905153e+04
5.89822290e+02 1.99842639e+04
5.89825585e+02 2.00359011e+04
5.89828880e+02 2.02431708e+04
5.89832175e+02 2.04072774e+04
5.89835470e+02 2.05417395e+04
5.89838765e+02 1.94586650e+04
5.89842061e+02 1.83462653e+04
5.89845356e+02 1.82900707e+04
5.89848651e+02 1.89553264e+04
5.89851946e+02 2.01182044e+04
5.89855241e+02 2.08148628e+04
5.89858536e+02 2.07421007e+04
5.89861831e+02 2.07477216e+04
5.89865126e+02 2.18387428e+04
5.89868421e+02 2.13498246e+04
5.89871717e+02 2.16979262e+04
5.89875012e+02 2.23777998e+04
5.89878307e+02 2.17886313e+04
5.89881602e+02 2.15061979e+04
5.89884897e+02 2.18320622e+04
5.89888192e+02 2.23076641e+04
5.89891487e+02 2.18549139e+04
5.89894782e+02 2.21018813e+04
5.89898078e+02 2.11502516e+04
5.89901373e+02 2.05744714e+04
5.89904668e+02 2.08990039e+04
5.89907963e+02 2.02891296e+04
5.89911258e+02 2.01400299e+04
5.89914553e+02 1.99942736e+04
5.89917848e+02 1.98910151e+04
5.89921143e+02 2.03388503e+04
5.89924438e+02 1.99102820e+04
5.89927734e+02 2.06840578e+04
5.89931029e+02 2.02923387e+04
5.89934324e+02 2.08966563e+04
5.89937619e+02 2.12599897e+04
5.89940914e+02 2.09307900e+04
5.89944209e+02 2.21328527e+04
5.89947504e+02 2.23549172e+04
5.89950799e+02 2.20801520e+04
5.89954095e+02 2.16120435e+04
5.89957390e+02 2.18738287e+04
5.89960685e+02 2.21382889e+04
5.89963980e+02 2.22200421e+04
5.89967275e+02 2.22177328e+04
5.89970570e+02 2.05948149e+04
5.89973865e+02 1.79839578e+04
5.89977160e+02 1.69589261e+04
5.89980455e+02 1.72554356e+04
5.89983751e+02 1.90739519e+04
5.89987046e+02 2.14346305e+04
5.89990341e+02 2.23079718e+04
5.89993636e+02 2.16941599e+04
5.89996931e+02 2.17400083e+04
5.90000226e+02 2.17594892e+04
5.90003521e+02 2.09620063e+04
5.90006816e+02 2.15404778e+04
5.90010112e+02 2.19336619e+04
5.90013407e+02 2.12982098e+04
5.90016702e+02 2.11859471e+04
5.90019997e+02 2.12980343e+04
5.90023292e+02 2.01870312e+04
5.90026587e+02 1.85784404e+04
5.90029882e+02 1.78235401e+04
5.90033177e+02 1.74837214e+04
5.90036472e+02 1.71026785e+04
5.90039768e+02 1.82724664e+04
5.90043063e+02 1.89616542e+04
5.90046358e+02 2.04963510e+04
5.90049653e+02 2.00336593e+04
5.90052948e+02 1.90618392e+04
5.90056243e+02 1.80369414e+04
5.90059538e+02 1.70943388e+04
5.90062833e+02 1.77391269e+04
5.90066129e+02 1.80463085e+04
5.90069424e+02 2.00388154e+04
5.90072719e+02 2.10823447e+04
5.90076014e+02 2.21067994e+04
5.90079309e+02 2.25074626e+04
5.90082604e+02 2.21347745e+04
5.90085899e+02 2.16121716e+04
5.90089194e+02 2.15795318e+04
5.90092489e+02 2.12940101e+04
5.90095785e+02 2.19183723e+04
5.90099080e+02 2.17869598e+04
5.90102375e+02 2.25296257e+04
5.90105670e+02 2.24210893e+04
5.90108965e+02 2.20088478e+04
5.90112260e+02 2.20493603e+04
5.90115555e+02 2.21401023e+04
5.90118850e+02 2.23068330e+04
5.90122146e+02 2.23705425e+04
5.90125441e+02 2.23302366e+04
5.90128736e+02 2.22669262e+04
5.90132031e+02 2.26660472e+04
5.90135326e+02 2.17165904e+04
5.90138621e+02 2.22665061e+04
5.90141916e+02 2.10766528e+04
5.90145211e+02 2.12975491e+04
5.90148506e+02 1.99936547e+04
5.90151802e+02 1.84805418e+04
5.90155097e+02 1.76529074e+04
5.90158392e+02 1.67792583e+04
5.90161687e+02 1.62010737e+04
5.90164982e+02 1.50384642e+04
5.90168277e+02 1.52104084e+04
5.90171572e+02 1.73684316e+04
5.90174867e+02 1.94422632e+04
5.90178163e+02 2.05246625e+04
5.90181458e+02 2.15470293e+04
5.90184753e+02 2.19829997e+04
5.90188048e+02 2.17583522e+04
5.90191343e+02 2.19022140e+04
5.90194638e+02 2.20886762e+04
5.90197933e+02 2.11888267e+04
5.90201228e+02 2.09809797e+04
5.90204523e+02 2.10667841e+04
5.90207819e+02 2.14032527e+04
5.90211114e+02 2.11524298e+04
5.90214409e+02 2.17680921e+04
5.90217704e+02 2.14106200e+04
5.90220999e+02 2.13537990e+04
5.90224294e+02 2.13561206e+04
5.90227589e+02 2.15779342e+04
5.90230884e+02 2.16939968e+04
5.90234180e+02 2.12380380e+04
5.90237475e+02 2.21834227e+04
5.90240770e+02 2.22565640e+04
5.90244065e+02 2.12321471e+04
5.90247360e+02 2.09898119e+04
5.90250655e+02 2.00034411e+04
5.90253950e+02 1.99268751e+04
5.90257245e+02 1.92772256e+04
5.90260540e+02 1.96845815e+04
5.90263836e+02 2.11307400e+04
5.90267131e+02 2.07926979e+04
5.90270426e+02 2.10700988e+04
5.90273721e+02 2.14662605e+04
5.90277016e+02 2.09070491e+04
5.90280311e+02 2.08417687e+04
5.90283606e+02 2.05760597e+04
5.90286901e+02 1.98810055e+04
5.90290197e+02 2.04649674e+04
5.90293492e+02 2.16391565e+04
5.90296787e+02 2.09093610e+04
5.90300082e+02 1.90848706e+04
5.90303377e+02 1.72595394e+04
5.90306672e+02 1.54450254e+04
5.90309967e+02 1.43603856e+04
5.90313262e+02 1.54786650e+04
5.90316557e+02 1.77078532e+04
5.90319853e+02 1.94363881e+04
5.90323148e+02 2.07662714e+04
5.90326443e+02 2.11520394e+04
5.90329738e+02 2.14920130e+04
5.90333033e+02 2.10305134e+04
5.90336328e+02 2.10222935e+04
5.90339623e+02 2.15251836e+04
5.90342918e+02 2.06511439e+04
5.90346214e+02 2.01981213e+04
5.90349509e+02 2.00525477e+04
5.90352804e+02 2.06869034e+04
5.90356099e+02 2.02633731e+04
5.90359394e+02 2.03235873e+04
5.90362689e+02 2.02146078e+04
5.90365984e+02 2.06246289e+04
5.90369279e+02 2.05597565e+04
5.90372574e+02 2.04081497e+04
5.90375870e+02 1.97519040e+04
5.90379165e+02 1.99280424e+04
5.90382460e+02 2.03626719e+04
5.90385755e+02 2.17244530e+04
5.90389050e+02 2.15764623e+04
5.90392345e+02 2.18922606e+04
5.90395640e+02 2.20230417e+04
5.90398935e+02 2.19878107e+04
5.90402231e+02 2.20923872e+04
5.90405526e+02 2.22560663e+04
5.90408821e+02 2.22166782e+04
5.90412116e+02 2.17842705e+04
5.90415411e+02 2.22455516e+04
