# Wavelength Flux(MR)
5.89097364e+02 -2.03130251e+27
5.89100659e+02 -1.34547837e+27
5.89103954e+02 5.83162397e+26
5.89107249e+02 5.56000210e+26
5.89110544e+02 2.51560529e+26
5.89113839e+02 5.22551371e+26
5.89117135e+02 -5.98735678e+26
5.89120430e+02 -1.53900020e+27
5.89123725e+02 -4.96569946e+27
5.89127020e+02 -5.03766626e+27
5.89130315e+02 -5.31134981e+27
5.89133610e+02 -4.13938045e+26
5.89136905e+02 3.34265638e+27
5.89140200e+02 2.45393493e+27
5.89143496e+02 5.54076600e+27
5.89146791e+02 3.50568707e+27
5.89150086e+02 2.41929014e+27
5.89153381e+02 1.76641060e+27
5.89156676e+02 1.34994827e+27
5.89159971e+02 1.84651629e+27
5.89163266e+02 1.50348246e+27
5.89166561e+02 -4.38533647e+26
5.89169856e+02 -1.00647055e+27
5.89173152e+02 -3.57286061e+27
5.89176447e+02 -1.83244593e+27
5.89179742e+02 2.45106558e+27
5.89183037e+02 2.79775238e+27
5.89186332e+02 2.04917180e+27
5.89189627e+02 1.06233106e+26
5.89192922e+02 1.52030784e+27
5.89196217e+02 1.07507869e+26
5.89199513e+02 -4.59169148e+24
5.89202808e+02 -1.32675123e+27
5.89206103e+02 -1.77736669e+27
5.89209398e+02 -1.28658529e+27
5.89212693e+02 -1.80255673e+27
5.89215988e+02 -1.14508750e+27
5.89219283e+02 -2.52262386e+27
5.89222578e+02 -7.19262442e+27
5.89225873e+02 -9.07929723e+27
5.89229169e+02 -1.21230584e+28
5.89232464e+02 -1.47171554e+28
5.89235759e+02 -8.33290987e+27
5.89239054e+02 5.68404360e+27
5.89242349e+02 3.61491043e+28
5.89245644e+02 7.73200991e+28
5.89248939e+02 9.97128662e+28
5.89252234e+02 8.10221089e+28
5.89255530e+02 4.07069830e+28
5.89258825e+02 1.37377894e+28
5.89262120e+02 5.94066601e+27
5.89265415e+02 5.54710907e+27
5.89268710e+02 2.32072970e+27
5.89272005e+02 1.50183013e+27
5.89275300e+02 1.05773920e+27
5.89278595e+02 -4.37647091e+26
5.89281890e+02 4.28716772e+26
5.89285186e+02 3.56886289e+26
5.89288481e+02 -3.05111097e+26
5.89291776e+02 1.60708612e+27
5.89295071e+02 -1.54315198e+26
5.89298366e+02 4.32298508e+26
5.89301661e+02 4.02855405e+27
5.89304956e+02 1.81292017e+27
5.89308251e+02 3.12734994e+27
5.89311547e+02 2.56068051e+27
5.89314842e+02 1.69600378e+26
5.89318137e+02 1.30879696e+27
5.89321432e+02 8.31761824e+26
5.89324727e+02 -5.47918606e+26
5.89328022e+02 -3.36727595e+27
5.89331317e+02 -2.10145151e+27
5.89334612e+02 -7.17262954e+25
5.89337907e+02 4.50994633e+27
5.89341203e+02 6.12935142e+27
5.89344498e+02 5.54864558e+27
5.89347793e+02 2.88934173e+27
5.89351088e+02 7.85739200e+25
5.89354383e+02 -4.06070499e+27
5.89357678e+02 -5.16571993e+27
5.89360973e+02 -5.01845067e+27
5.89364268e+02 -3.33391834e+27
5.89367564e+02 -8.63147845e+26
5.89370859e+02 -6.82012929e+26
5.89374154e+02 6.06912204e+26
5.89377449e+02 -5.89000453e+26
5.89380744e+02 8.97410697e+26
5.89384039e+02 4.84747343e+26
5.89387334e+02 2.89392532e+26
5.89390629e+02 1.38565663e+27
5.89393924e+02 5.16723100e+26
5.89397220e+02 -1.50216106e+27
5.89400515e+02 -3.01903455e+27
5.89403810e+02 -4.73362635e+27
5.89407105e+02 -3.33829841e+27
5.89410400e+02 5.86489306e+26
5.89413695e+02 2.35706747e+27
5.89416990e+02 1.15630175e+27
5.89420285e+02 1.74420843e+27
5.89423581e+02 -1.01387555e+25
5.89426876e+02 -7.47178169e+26
5.89430171e+02 -1.68084117e+27
5.89433466e+02 -1.33178455e+27
5.89436761e+02 -6.38540901e+26
5.89440056e+02 2.18451263e+26
5.89443351e+02 -1.85718054e+27
5.89446646e+02 -9.10414238e+26
5.89449941e+02 2.50863183e+26
5.89453237e+02 5.52814533e+26
5.89456532e+02 2.30864294e+24
5.89459827e+02 -1.53711743e+27
5.89463122e+02 -2.75249412e+27
5.89466417e+02 -3.52617873e+27
5.89469712e+02 -2.16655404e+27
5.89473007e+02 -3.12980615e+27
5.89476302e+02 -9.01525443e+26
5.89479598e+02 1.71830140e+27
5.89482893e+02 -6.10895425e+25
5.89486188e+02 1.40001762e+27
5.89489483e+02 1.81459611e+27
5.89492778e+02 1.57244243e+27
5.89496073e+02 2.81905818e+27
5.89499368e+02 2.97884928e+27
5.89502663e+02 1.92198043e+27
5.89505959e+02 1.37695998e+26
5.89509254e+02 -2.69854322e+27
5.89512549e+02 -4.72822503e+27
5.89515844e+02 -5.38385132e+27
5.89519139e+02 -9.84562573e+27
5.89522434e+02 -1.26833786e+28
5.89525729e+02 -1.56475963e+28
5.89529024e+02 -1.50771749e+28
5.89532319e+02 -9.70250496e+27
5.89535615e+02 -2.13181756e+27
5.89538910e+02 5.20868674e+27
5.89542205e+02 5.03953325e+27
5.89545500e+02 6.60087930e+27
5.89548795e+02 3.71712840e+27
5.89552090e+02 3.28596285e+27
5.89555385e+02 1.43168153e+26
5.89558680e+02 -1.77456675e+27
5.89561976e+02 -3.27113194e+26
5.89565271e+02 -3.63591990e+27
5.89568566e+02 -2.85925954e+27
5.89571861e+02 -1.22050178e+27
5.89575156e+02 -1.41689583e+27
5.89578451e+02 -2.08737861e+27
5.89581746e+02 -2.70080358e+27
5.89585041e+02 -1.45504105e+27
5.89588336e+02 -1.03523937e+27
5.89591632e+02 -2.25929025e+27
5.89594927e+02 -3.27726633e+27
5.89598222e+02 -4.34245501e+27
5.89601517e+02 -4.52464754e+27
5.89604812e+02 -4.04756377e+27
5.89608107e+02 -2.33394621e+27
5.89611402e+02 -2.17710522e+26
5.89614697e+02 -9.08082719e+26
5.89617993e+02 -1.47334903e+27
5.89621288e+02 -2.21360492e+27
5.89624583e+02 -2.37672006e+27
5.89627878e+02 -2.35574182e+27
5.89631173e+02 -4.31842538e+27
5.89634468e+02 -2.75628582e+27
5.89637763e+02 -2.94569208e+27
5.89641058e+02 -2.13646640e+27
5.89644353e+02 -2.99239930e+27
5.89647649e+02 -2.64208972e+27
5.89650944e+02 -8.79387980e+26
5.89654239e+02 -7.92192448e+26
5.89657534e+02 -4.64291050e+27
5.89660829e+02 -3.90620806e+27
5.89664124e+02 -2.10558734e+27
5.89667419e+02 -2.07129168e+27
5.89670714e+02 -1.05407909e+27
5.89674010e+02 2.05820358e+26
5.89677305e+02 -1.62676834e+27
5.89680600e+02 -3.64879753e+27
5.89683895e+02 -2.41731914e+27
5.89687190e+02 -3.61744015e+26
5.89690485e+02 -8.57117692e+26
5.89693780e+02 -1.30324411e+27
5.89697075e+02 -3.43447907e+27
5.89700370e+02 -3.43247982e+27
5.89703666e+02 -4.14030065e+27
5.89706961e+02 -1.88062043e+27
5.89710256e+02 -2.50825553e+27
5.89713551e+02 -1.98902904e+27
5.89716846e+02 -2.73550569e+27
5.89720141e+02 -4.63415126e+27
5.89723436e+02 -1.95700521e+27
5.89726731e+02 -2.65068303e+27
5.89730027e+02 -2.74510607e+27
5.89733322e+02 -1.78618267e+27
5.89736617e+02 -3.48814054e+27
5.89739912e+02 -1.90569223e+27
5.89743207e+02 -2.00166991e+27
5.89746502e+02 -7.46192356e+26
5.89749797e+02 -6.38857013e+26
5.89753092e+02 -2.81126504e+27
5.89756387e+02 3.12809274e+26
5.89759683e+02 -3.05254372e+26
5.89762978e+02 -5.52963645e+26
5.89766273e+02 3.25902687e+26
5.89769568e+02 1.49797406e+27
5.89772863e+02 9.91983569e+26
5.89776158e+02 -3.09602720e+25
5.89779453e+02 7.77536562e+26
5.89782748e+02 1.04607587e+27
5.89786044e+02 1.08383273e+27
5.89789339e+02 1.26704200e+27
5.89792634e+02 2.55620891e+27
5.89795929e+02 1.52290957e+27
5.89799224e+02 3.83589475e+26
5.89802519e+02 2.15614921e+27
5.89805814e+02 2.06560884e+27
5.89809109e+02 1.00310934e+26
5.89812404e+02 -2.12092086e+25
5.89815700e+02 5.03192596e+26
5.89818995e+02 -3.21930527e+27
5.89822290e+02 -7.21904697e+27
5.89825585e+02 -1.13542400e+28
5.89828880e+02 -1.43397064e+28
5.89832175e+02 -1.36776660e+28
5.89835470e+02 -6.75959085e+27
5.89838765e+02 7.97530956e+27
5.89842061e+02 3.07627830e+28
5.89845356e+02 5.45421631e+28
5.89848651e+02 5.80704257e+28
5.89851946e+02 4.36546161e+28
5.89855241e+02 2.18126981e+28
5.89858536e+02 9.83667181e+27
5.89861831e+02 6.86395108e+27
5.89865126e+02 5.51268594e+27
5.89868421e+02 4.09431854e+27
5.89871717e+02 3.36182376e+27
5.89875012e+02 2.63430827e+27
5.89878307e+02 2.21482244e+27
5.89881602e+02 1.13862616e+27
5.89884897e+02 -8.77307202e+25
5.89888192e+02 -6.69161236e+26
5.89891487e+02 -1.30224698e+27
5.89894782e+02 -3.72903835e+26
5.89898078e+02 2.66975121e+27
5.89901373e+02 -7.58861923e+25
5.89904668e+02 -5.55446630e+26
5.89907963e+02 -2.07851315e+27
5.89911258e+02 -1.57361299e+27
5.89914553e+02 -2.05257872e+27
5.89917848e+02 -1.68138997e+27
5.89921143e+02 5.89095703e+26
5.89924438e+02 9.12999994e+26
5.89927734e+02 -4.57552129e+26
5.89931029e+02 8.03164101e+26
5.89934324e+02 -1.42495691e+27
5.89937619e+02 -2.50779103e+26
5.89940914e+02 -9.42434362e+26
5.89944209e+02 7.94878188e+26
5.89947504e+02 -1.28601921e+27
5.89950799e+02 1.93490930e+26
5.89954095e+02 1.49795273e+27
5.89957390e+02 1.03835607e+27
5.89960685e+02 -2.42114178e+26
5.89963980e+02 1.18504192e+27
5.89967275e+02 2.51750520e+27
5.89970570e+02 1.23733226e+27
5.89973865e+02 2.03733542e+27
5.89977160e+02 -2.93864809e+27
5.89980455e+02 -4.60156891e+27
5.89983751e+02 -3.28868986e+27
5.89987046e+02 -5.19649472e+24
5.89990341e+02 3.10978540e+27
5.89993636e+02 4.57499880e+27
5.89996931e+02 5.61488120e+27
5.90000226e+02 2.29558380e+27
5.90003521e+02 1.20479328e+27
5.90006816e+02 7.67858262e+26
5.90010112e+02 -4.03301354e+25
5.90013407e+02 -4.31315742e+26
5.90016702e+02 -5.96518970e+26
5.90019997e+02 -1.06358792e+27
5.90023292e+02 -5.61643969e+25
5.90026587e+02 -4.84917581e+26
5.90029882e+02 -3.20668346e+26
5.90033177e+02 -8.20792428e+26
5.90036472e+02 3.19761241e+25
5.90039768e+02 -7.55863800e+26
5.90043063e+02 -1.33831281e+24
5.90046358e+02 3.65834506e+26
5.90049653e+02 1.16012738e+27
5.90052948e+02 -2.82242899e+25
5.90056243e+02 -1.95593727e+27
5.90059538e+02 -4.83519361e+27
5.90062833e+02 -7.30852078e+27
5.90066129e+02 -6.85304846e+27
5.90069424e+02 -4.44527956e+27
5.90072719e+02 -1.33588365e+26
5.90076014e+02 1.53257176e+27
5.90079309e+02 1.79475903e+27
5.90082604e+02 7.74414783e+26
5.90085899e+02 7.72296118e+26
5.90089194e+02 -2.37771183e+27
5.90092489e+02 -9.23070048e+26
5.90095785e+02 -1.12292587e+27
5.90099080e+02 -1.27345117e+27
5.90102375e+02 -3.18845640e+27
5.90105670e+02 -1.83068100e+27
5.90108965e+02 -2.25839685e+27
5.90112260e+02 -4.11674294e+27
5.90115555e+02 -3.71953954e+27
5.90118850e+02 -2.08476087e+27
5.90122146e+02 -1.85679265e+27
5.90125441e+02 -2.74159049e+27
5.90128736e+02 -2.31595084e+27
5.90132031e+02 -1.90618750e+27
5.90135326e+02 -7.58950526e+26
5.90138621e+02 3.07876816e+26
5.90141916e+02 1.62020954e+27
5.90145211e+02 4.00493801e+27
5.90148506e+02 4.22741923e+27
5.90151802e+02 4.85620002e+27
5.90155097e+02 4.25311476e+27
5.90158392e+02 1.92106067e+27
5.90161687e+02 -1.32807357e+27
5.90164982e+02 -3.83527505e+27
5.90168277e+02 -6.71009285e+27
5.90171572e+02 -6.88540714e+27
5.90174867e+02 -3.24812812e+27
5.90178163e+02 2.63835877e+27
5.90181458e+02 7.23997630e+27
5.90184753e+02 5.72504737e+27
5.90188048e+02 4.21789732e+27
5.90191343e+02 1.63389822e+27
5.90194638e+02 -2.57601335e+27
5.90197933e+02 -3.38857918e+26
5.90201228e+02 -9.25725333e+26
5.90204523e+02 -1.75523530e+27
5.90207819e+02 -3.55803415e+26
5.90211114e+02 -2.98511354e+26
5.90214409e+02 -1.41186067e+27
5.90217704e+02 -1.43991068e+27
5.90220999e+02 -1.11079035e+27
5.90224294e+02 -1.83536238e+27
5.90227589e+02 -7.05486314e+26
5.90230884e+02 -2.08913328e+27
5.90234180e+02 -2.24995566e+27
5.90237475e+02 -1.76699539e+27
5.90240770e+02 -1.97764002e+27
5.90244065e+02 -3.02369019e+27
5.90247360e+02 -1.17182176e+27
5.90250655e+02 -1.49268091e+27
5.90253950e+02 -3.57208193e+27
5.90257245e+02 -3.04163887e+27
5.90260540e+02 -2.90902514e+27
5.90263836e+02 -3.13163808e+27
5.90267131e+02 -1.06545957e+27
5.90270426e+02 2.33783733e+26
5.90273721e+02 -1.21424232e+27
5.90277016e+02 -9.04139934e+25
5.90280311e+02 7.85265337e+26
5.90283606e+02 1.43254176e+27
5.90286901e+02 -1.46506157e+27
5.90290197e+02 1.91876541e+27
5.90293492e+02 4.45331377e+27
5.90296787e+02 4.97615700e+27
5.90300082e+02 4.76843291e+27
5.90303377e+02 2.74035030e+27
5.90306672e+02 -2.23598808e+27
5.90309967e+02 -6.15673987e+27
5.90313262e+02 -5.80811141e+27
5.90316557e+02 -3.74080627e+27
5.90319853e+02 2.51285263e+27
5.90323148e+02 4.42631684e+27
5.90326443e+02 4.88224048e+27
5.90329738e+02 5.08363898e+27
5.90333033e+02 1.74402347e+27
5.90336328e+02 2.06284512e+27
5.90339623e+02 6.76585241e+26
5.90342918e+02 -1.71695184e+27
5.90346214e+02 -1.19555760e+27
5.90349509e+02 -2.24359074e+27
5.90352804e+02 5.32571708e+26
5.90356099e+02 -8.17532571e+26
5.90359394e+02 -4.21827916e+26
5.90362689e+02 -1.20492903e+27
5.90365984e+02 -4.84864702e+26
5.90369279e+02 -1.17064029e+27
5.90372574e+02 -1.09276315e+27
5.90375870e+02 -1.61120701e+27
5.90379165e+02 -2.99082092e+27
5.90382460e+02 -3.67174697e+27
5.90385755e+02 -1.38182196e+27
5.90389050e+02 -1.11929792e+27
5.90392345e+02 -2.20785129e+27
5.90395640e+02 -1.17797186e+27
5.90398935e+02 -2.25461421e+26
5.90402231e+02 -1.08861815e+27
5.90405526e+02 -2.59536084e+26
5.90408821e+02 5.05683244e+26
5.90412116e+02 -1.14194441e+26
5.90415411e+02 -1.20157426e+26
