Wavelength(nm) Intensity
5.89097364e+02 1.63569721e+04
5.89100659e+02 1.59839555e+04
5.89103954e+02 1.59044904e+04
5.89107249e+02 1.62383079e+04
5.89110544e+02 1.59711230e+04
5.89113839e+02 1.56445100e+04
5.89117135e+02 1.57352737e+04
5.89120430e+02 1.47156442e+04
5.89123725e+02 1.42791715e+04
5.89127020e+02 1.38018763e+04
5.89130315e+02 1.35748278e+04
5.89133610e+02 1.42478253e+04
5.89136905e+02 1.54744552e+04
5.89140200e+02 1.51196198e+04
5.89143496e+02 1.49162301e+04
5.89146791e+02 1.49184363e+04
5.89150086e+02 1.50099717e+04
5.89153381e+02 1.42712278e+04
5.89156676e+02 1.42631737e+04
5.89159971e+02 1.40814866e+04
5.89163266e+02 1.39336496e+04
5.89166561e+02 1.31176713e+04
5.89169856e+02 1.22823117e+04
5.89173152e+02 1.29120095e+04
5.89176447e+02 1.35713897e+04
5.89179742e+02 1.24838528e+04
5.89183037e+02 1.22464163e+04
5.89186332e+02 1.20183179e+04
5.89189627e+02 1.19093835e+04
5.89192922e+02 1.14656101e+04
5.89196217e+02 1.04257700e+04
5.89199513e+02 1.03612838e+04
5.89202808e+02 9.81701493e+03
5.89206103e+02 9.28261961e+03
5.89209398e+02 8.84130384e+03
5.89212693e+02 8.98179110e+03
5.89215988e+02 7.28958293e+03
5.89219283e+02 6.20704517e+03
5.89222578e+02 4.60766815e+03
5.89225873e+02 2.90988715e+03
5.89229169e+02 1.82678903e+03
5.89232464e+02 1.61576392e+03
5.89235759e+02 2.22978674e+03
5.89239054e+02 5.59905521e+03
5.89242349e+02 1.22864184e+04
5.89245644e+02 2.07228260e+04
5.89248939e+02 2.52017924e+04
5.89252234e+02 2.20884552e+04
5.89255530e+02 1.50156261e+04
5.89258825e+02 1.04391345e+04
5.89262120e+02 9.72428952e+03
5.89265415e+02 9.92576716e+03
5.89268710e+02 1.04356250e+04
5.89272005e+02 1.09881887e+04
5.89275300e+02 1.12471092e+04
5.89278595e+02 1.15062533e+04
5.89281890e+02 1.20412334e+04
5.89285186e+02 1.26519001e+04
5.89288481e+02 1.23909780e+04
5.89291776e+02 1.53263879e+04
5.89295071e+02 1.78988671e+04
5.89298366e+02 1.37313176e+04
5.89301661e+02 1.43447832e+04
5.89304956e+02 1.41424414e+04
5.89308251e+02 1.39710086e+04
5.89311547e+02 1.39857732e+04
5.89314842e+02 1.38054971e+04
5.89318137e+02 1.38508909e+04
5.89321432e+02 1.38127217e+04
5.89324727e+02 1.33365813e+04
5.89328022e+02 1.30382724e+04
5.89331317e+02 1.27687936e+04
5.89334612e+02 1.36553747e+04
5.89337907e+02 1.44997076e+04
5.89341203e+02 1.50678592e+04
5.89344498e+02 1.53404906e+04
5.89347793e+02 1.52882064e+04
5.89351088e+02 1.47252897e+04
5.89354383e+02 1.45918126e+04
5.89357678e+02 1.40506927e+04
5.89360973e+02 1.43992199e+04
5.89364268e+02 1.53320462e+04
5.89367564e+02 1.62143884e+04
5.89370859e+02 1.60072906e+04
5.89374154e+02 1.59271509e+04
5.89377449e+02 1.62184069e+04
5.89380744e+02 1.63272002e+04
5.89384039e+02 1.62525534e+04
5.89387334e+02 1.60448417e+04
5.89390629e+02 1.63948592e+04
5.89393924e+02 1.62008521e+04
5.89397220e+02 1.48276074e+04
5.89400515e+02 1.46911612e+04
5.89403810e+02 1.43446519e+04
5.89407105e+02 1.48449405e+04
5.89410400e+02 1.54246958e+04
5.89413695e+02 1.62190980e+04
5.89416990e+02 1.65440990e+04
5.89420285e+02 1.63159339e+04
5.89423581e+02 1.60573638e+04
5.89426876e+02 1.61379798e+04
5.89430171e+02 1.64757584e+04
5.89433466e+02 1.60660096e+04
5.89436761e+02 1.64979812e+04
5.89440056e+02 1.66194742e+04
5.89443351e+02 1.65536082e+04
5.89446646e+02 1.66253802e+04
5.89449941e+02 1.67733314e+04
5.89453237e+02 1.69248537e+04
5.89456532e+02 1.64690241e+04
5.89459827e+02 1.63044666e+04
5.89463122e+02 1.59714154e+04
5.89466417e+02 1.54590073e+04
5.89469712e+02 1.54844666e+04
5.89473007e+02 1.57182266e+04
5.89476302e+02 1.61976588e+04
5.89479598e+02 1.61090984e+04
5.89482893e+02 1.59956011e+04
5.89486188e+02 1.66170294e+04
5.89489483e+02 1.65868280e+04
5.89492778e+02 1.67272452e+04
5.89496073e+02 1.60252062e+04
5.89499368e+02 1.59926701e+04
5.89502663e+02 1.53581976e+04
5.89505959e+02 1.43912865e+04
5.89509254e+02 1.37845748e+04
5.89512549e+02 1.29597534e+04
5.89515844e+02 1.21493910e+04
5.89519139e+02 1.11829554e+04
5.89522434e+02 1.01840396e+04
5.89525729e+02 9.75089109e+03
5.89529024e+02 1.01875002e+04
5.89532319e+02 1.19053945e+04
5.89535615e+02 1.35719071e+04
5.89538910e+02 1.54697307e+04
5.89542205e+02 1.65742213e+04
5.89545500e+02 1.65216897e+04
5.89548795e+02 1.69307703e+04
5.89552090e+02 1.69193828e+04
5.89555385e+02 1.67685342e+04
5.89558680e+02 1.67017508e+04
5.89561976e+02 1.65683815e+04
5.89565271e+02 1.66250044e+04
5.89568566e+02 1.68396933e+04
5.89571861e+02 1.68756410e+04
5.89575156e+02 1.68446113e+04
5.89578451e+02 1.66895366e+04
5.89581746e+02 1.70641537e+04
5.89585041e+02 1.74252786e+04
5.89588336e+02 1.69185270e+04
5.89591632e+02 1.67160789e+04
5.89594927e+02 1.62929573e+04
5.89598222e+02 1.60424077e+04
5.89601517e+02 1.62393290e+04
5.89604812e+02 1.62344266e+04
5.89608107e+02 1.65913427e+04
5.89611402e+02 1.65206700e+04
5.89614697e+02 1.67046095e+04
5.89617993e+02 1.68825157e+04
5.89621288e+02 1.71450054e+04
5.89624583e+02 1.65570206e+04
5.89627878e+02 1.67140135e+04
5.89631173e+02 1.67427698e+04
5.89634468e+02 1.68473633e+04
5.89637763e+02 1.70903467e+04
5.89641058e+02 1.67067970e+04
5.89644353e+02 1.65528280e+04
5.89647649e+02 1.67087063e+04
5.89650944e+02 1.64262509e+04
5.89654239e+02 1.61678757e+04
5.89657534e+02 1.59498042e+04
5.89660829e+02 1.59972070e+04
5.89664124e+02 1.62819611e+04
5.89667419e+02 1.60002186e+04
5.89670714e+02 1.63506188e+04
5.89674010e+02 1.63108082e+04
5.89677305e+02 1.63785158e+04
5.89680600e+02 1.62460710e+04
5.89683895e+02 1.65846262e+04
5.89687190e+02 1.65084435e+04
5.89690485e+02 1.66623833e+04
5.89693780e+02 1.69222895e+04
5.89697075e+02 1.68878144e+04
5.89700370e+02 1.67474303e+04
5.89703666e+02 1.67953309e+04
5.89706961e+02 1.66971018e+04
5.89710256e+02 1.66464083e+04
5.89713551e+02 1.66171961e+04
5.89716846e+02 1.66512469e+04
5.89720141e+02 1.66822868e+04
5.89723436e+02 1.64098985e+04
5.89726731e+02 1.63090467e+04
5.89730027e+02 1.62868923e+04
5.89733322e+02 1.61939028e+04
5.89736617e+02 1.60464484e+04
5.89739912e+02 1.58492349e+04
5.89743207e+02 1.60387653e+04
5.89746502e+02 1.58543822e+04
5.89749797e+02 1.59997950e+04
5.89753092e+02 1.55571596e+04
5.89756387e+02 1.55507328e+04
5.89759683e+02 1.57714889e+04
5.89762978e+02 1.54274240e+04
5.89766273e+02 1.51819193e+04
5.89769568e+02 1.54895737e+04
5.89772863e+02 1.50040161e+04
5.89776158e+02 1.50233784e+04
5.89779453e+02 1.47190529e+04
5.89782748e+02 1.44696518e+04
5.89786044e+02 1.40944628e+04
5.89789339e+02 1.38670579e+04
5.89792634e+02 1.34985682e+04
5.89795929e+02 1.27014162e+04
5.89799224e+02 1.20633627e+04
5.89802519e+02 1.10008363e+04
5.89805814e+02 1.01397409e+04
5.89809109e+02 9.23109450e+03
5.89812404e+02 7.92287960e+03
5.89815700e+02 7.45832483e+03
5.89818995e+02 5.76097775e+03
5.89822290e+02 4.39549425e+03
5.89825585e+02 3.10362618e+03
5.89828880e+02 2.20730952e+03
5.89832175e+02 2.23102658e+03
5.89835470e+02 3.61039554e+03
5.89838765e+02 6.62021308e+03
5.89842061e+02 1.19153202e+04
5.89845356e+02 1.68360319e+04
5.89848651e+02 1.82894160e+04
5.89851946e+02 1.58715013e+04
5.89855241e+02 1.24963448e+04
5.89858536e+02 1.10105218e+04
5.89861831e+02 1.12232166e+04
5.89865126e+02 1.21853939e+04
5.89868421e+02 1.26753262e+04
5.89871717e+02 1.28758556e+04
5.89875012e+02 1.34153323e+04
5.89878307e+02 1.34274009e+04
5.89881602e+02 1.37246115e+04
5.89884897e+02 1.42226514e+04
5.89888192e+02 1.43313795e+04
5.89891487e+02 1.45983504e+04
5.89894782e+02 1.48120555e+04
5.89898078e+02 1.51045784e+04
5.89901373e+02 1.49723133e+04
5.89904668e+02 1.51376857e+04
5.89907963e+02 1.52153743e+04
5.89911258e+02 1.51127443e+04
5.89914553e+02 1.50617112e+04
5.89917848e+02 1.56605770e+04
5.89921143e+02 1.59565414e+04
5.89924438e+02 1.58777774e+04
5.89927734e+02 1.59071416e+04
5.89931029e+02 1.62230077e+04
5.89934324e+02 1.62174266e+04
5.89937619e+02 1.57023768e+04
5.89940914e+02 1.59304583e+04
5.89944209e+02 1.59270526e+04
5.89947504e+02 1.59393463e+04
5.89950799e+02 1.59866600e+04
5.89954095e+02 1.60590333e+04
5.89957390e+02 1.57529006e+04
5.89960685e+02 1.55024652e+04
5.89963980e+02 1.53851715e+04
5.89967275e+02 1.52577605e+04
5.89970570e+02 1.51173326e+04
5.89973865e+02 1.46333185e+04
5.89977160e+02 1.40363080e+04
5.89980455e+02 1.34957110e+04
5.89983751e+02 1.40097819e+04
5.89987046e+02 1.48757975e+04
5.89990341e+02 1.53569996e+04
5.89993636e+02 1.59935646e+04
5.89996931e+02 1.64920492e+04
5.90000226e+02 1.65901122e+04
5.90003521e+02 1.62302366e+04
5.90006816e+02 1.63947077e+04
5.90010112e+02 1.67795646e+04
5.90013407e+02 1.67544009e+04
5.90016702e+02 1.67927320e+04
5.90019997e+02 1.65861249e+04
5.90023292e+02 1.72475477e+04
5.90026587e+02 1.72242014e+04
5.90029882e+02 1.71435201e+04
5.90033177e+02 1.67149135e+04
5.90036472e+02 1.67492508e+04
5.90039768e+02 1.69344438e+04
5.90043063e+02 1.67569545e+04
5.90046358e+02 1.64518698e+04
5.90049653e+02 1.66665382e+04
5.90052948e+02 1.59874658e+04
5.90056243e+02 1.54876329e+04
5.90059538e+02 1.49577976e+04
5.90062833e+02 1.43449307e+04
5.90066129e+02 1.42571264e+04
5.90069424e+02 1.48939691e+04
5.90072719e+02 1.57990416e+04
5.90076014e+02 1.61565600e+04
5.90079309e+02 1.67767580e+04
5.90082604e+02 1.67759217e+04
5.90085899e+02 1.70001265e+04
5.90089194e+02 1.65620333e+04
5.90092489e+02 1.66859683e+04
5.90095785e+02 1.69772180e+04
5.90099080e+02 1.70573064e+04
5.90102375e+02 1.68516528e+04
5.90105670e+02 1.72348703e+04
5.90108965e+02 1.69639602e+04
5.90112260e+02 1.70331367e+04
5.90115555e+02 1.66654204e+04
5.90118850e+02 1.68344004e+04
5.90122146e+02 1.72028233e+04
5.90125441e+02 1.70783058e+04
5.90128736e+02 1.68880230e+04
5.90132031e+02 1.69227282e+04
5.90135326e+02 1.68619394e+04
5.90138621e+02 1.66120551e+04
5.90141916e+02 1.65808376e+04
5.90145211e+02 1.63441995e+04
5.90148506e+02 1.61182258e+04
5.90151802e+02 1.55180704e+04
5.90155097e+02 1.44906839e+04
5.90158392e+02 1.38656965e+04
5.90161687e+02 1.32427881e+04
5.90164982e+02 1.21448647e+04
5.90168277e+02 1.12200751e+04
5.90171572e+02 1.13331901e+04
5.90174867e+02 1.22268582e+04
5.90178163e+02 1.38791494e+04
5.90181458e+02 1.50369271e+04
5.90184753e+02 1.54529012e+04
5.90188048e+02 1.56093815e+04
5.90191343e+02 1.55888392e+04
5.90194638e+02 1.52144180e+04
5.90197933e+02 1.55086752e+04
5.90201228e+02 1.60687859e+04
5.90204523e+02 1.61701505e+04
5.90207819e+02 1.65799242e+04
5.90211114e+02 1.67422340e+04
5.90214409e+02 1.67123702e+04
5.90217704e+02 1.68687791e+04
5.90220999e+02 1.70287394e+04
5.90224294e+02 1.66735778e+04
5.90227589e+02 1.70892199e+04
5.90230884e+02 1.69904638e+04
5.90234180e+02 1.69063186e+04
5.90237475e+02 1.65820731e+04
5.90240770e+02 1.67701060e+04
5.90244065e+02 1.71556094e+04
5.90247360e+02 1.67585085e+04
5.90250655e+02 1.66763665e+04
5.90253950e+02 1.65242924e+04
5.90257245e+02 1.64617013e+04
5.90260540e+02 1.69049297e+04
5.90263836e+02 1.67487850e+04
5.90267131e+02 1.70049749e+04
5.90270426e+02 1.72210501e+04
5.90273721e+02 1.69599194e+04
5.90277016e+02 1.69375716e+04
5.90280311e+02 1.69463539e+04
5.90283606e+02 1.68120723e+04
5.90286901e+02 1.66331005e+04
5.90290197e+02 1.65412600e+04
5.90293492e+02 1.62357813e+04
5.90296787e+02 1.60780383e+04
5.90300082e+02 1.61665403e+04
5.90303377e+02 1.53981662e+04
5.90306672e+02 1.46659545e+04
5.90309967e+02 1.36701032e+04
5.90313262e+02 1.34758415e+04
5.90316557e+02 1.40456264e+04
5.90319853e+02 1.52802521e+04
5.90323148e+02 1.58680244e+04
5.90326443e+02 1.67493641e+04
5.90329738e+02 1.65993991e+04
5.90333033e+02 1.70784963e+04
5.90336328e+02 1.71821804e+04
5.90339623e+02 1.69493755e+04
5.90342918e+02 1.71820277e+04
5.90346214e+02 1.73735739e+04
5.90349509e+02 1.72520270e+04
5.90352804e+02 1.68817501e+04
5.90356099e+02 1.68931109e+04
5.90359394e+02 1.65262620e+04
5.90362689e+02 1.68098391e+04
5.90365984e+02 1.65378628e+04
5.90369279e+02 1.63212313e+04
5.90372574e+02 1.64573837e+04
5.90375870e+02 1.57838216e+04
5.90379165e+02 1.57059465e+04
5.90382460e+02 1.58831174e+04
5.90385755e+02 1.58225563e+04
5.90389050e+02 1.63641512e+04
5.90392345e+02 1.60901190e+04
5.90395640e+02 1.61761052e+04
5.90398935e+02 1.62704586e+04
5.90402231e+02 1.63892291e+04
5.90405526e+02 1.66909791e+04
5.90408821e+02 1.67625562e+04
5.90412116e+02 1.71756315e+04
5.90415411e+02 1.68269399e+04
