# Wavelength Flux(MR)
5.89097364e+02 -1.41170022e+27
5.89100659e+02 -5.33510359e+26
5.89103954e+02 -2.02668014e+27
5.89107249e+02 3.26879342e+26
5.89110544e+02 9.72140200e+26
5.89113839e+02 1.62476685e+27
5.89117135e+02 1.38895375e+27
5.89120430e+02 -1.15090795e+27
5.89123725e+02 -4.01641892e+27
5.89127020e+02 -5.47535945e+27
5.89130315e+02 -2.60523916e+27
5.89133610e+02 4.38824614e+26
5.89136905e+02 5.68500964e+27
5.89140200e+02 4.74461182e+27
5.89143496e+02 4.43657719e+27
5.89146791e+02 1.51143090e+27
5.89150086e+02 1.14210080e+27
5.89153381e+02 9.66996124e+26
5.89156676e+02 -2.22644316e+27
5.89159971e+02 1.75190169e+26
5.89163266e+02 6.51982513e+26
5.89166561e+02 -1.42731812e+27
5.89169856e+02 -3.16968097e+27
5.89173152e+02 -2.50005304e+27
5.89176447e+02 -1.01514565e+27
5.89179742e+02 1.13546468e+27
5.89183037e+02 2.65060857e+27
5.89186332e+02 7.99750728e+26
5.89189627e+02 4.13506339e+26
5.89192922e+02 1.34772882e+27
5.89196217e+02 -6.69800458e+26
5.89199513e+02 2.32069982e+26
5.89202808e+02 8.60096064e+26
5.89206103e+02 -4.74323699e+26
5.89209398e+02 -1.31335214e+27
5.89212693e+02 -1.30875754e+27
5.89215988e+02 1.86265286e+26
5.89219283e+02 -2.68531534e+27
5.89222578e+02 -4.34089911e+27
5.89225873e+02 -9.15846808e+27
5.89229169e+02 -1.32310634e+28
5.89232464e+02 -1.33856876e+28
5.89235759e+02 -7.21001341e+27
5.89239054e+02 9.97436808e+27
5.89242349e+02 4.53241283e+28
5.89245644e+02 8.73674079e+28
5.89248939e+02 9.84692877e+28
5.89252234e+02 7.31558534e+28
5.89255530e+02 3.53147655e+28
5.89258825e+02 1.08304898e+28
5.89262120e+02 6.13365230e+27
5.89265415e+02 6.62810500e+27
5.89268710e+02 4.25607937e+27
5.89272005e+02 2.18495521e+27
5.89275300e+02 1.93006413e+27
5.89278595e+02 2.45473489e+26
5.89281890e+02 1.96360590e+26
5.89285186e+02 1.78089465e+27
5.89288481e+02 6.65721946e+26
5.89291776e+02 1.05721500e+27
5.89295071e+02 1.32888096e+27
5.89298366e+02 2.55937626e+27
5.89301661e+02 3.17320329e+27
5.89304956e+02 1.20079108e+27
5.89308251e+02 1.93033650e+27
5.89311547e+02 2.86867321e+27
5.89314842e+02 2.78437634e+27
5.89318137e+02 2.05381207e+27
5.89321432e+02 2.30556811e+27
5.89324727e+02 9.55586126e+26
5.89328022e+02 -2.28134105e+27
5.89331317e+02 -9.13842867e+26
5.89334612e+02 1.29420670e+27
5.89337907e+02 5.49275733e+27
5.89341203e+02 4.36644572e+27
5.89344498e+02 4.35802048e+27
5.89347793e+02 -2.46080457e+25
5.89351088e+02 -1.99829543e+27
5.89354383e+02 -2.26490677e+27
5.89357678e+02 -4.91761249e+27
5.89360973e+02 -2.88057936e+27
5.89364268e+02 -3.62145845e+27
5.89367564e+02 -7.61359771e+26
5.89370859e+02 3.87594481e+27
5.89374154e+02 1.62533615e+27
5.89377449e+02 1.20759774e+27
5.89380744e+02 1.61798507e+27
5.89384039e+02 -4.58964591e+24
5.89387334e+02 1.80161429e+27
5.89390629e+02 7.50160931e+26
5.89393924e+02 -3.50007093e+26
5.89397220e+02 -2.09481371e+27
5.89400515e+02 -4.05698594e+27
5.89403810e+02 -2.87584278e+27
5.89407105e+02 -4.26142003e+27
5.89410400e+02 -3.55487722e+25
5.89413695e+02 4.56788514e+27
5.89416990e+02 1.09656346e+27
5.89420285e+02 1.52833884e+27
5.89423581e+02 -9.35166773e+26
5.89426876e+02 -1.16488309e+27
5.89430171e+02 -3.22619175e+27
5.89433466e+02 -2.43060228e+27
5.89436761e+02 3.34068450e+26
5.89440056e+02 -6.59890310e+26
5.89443351e+02 -9.72354601e+26
5.89446646e+02 -2.26637304e+27
5.89449941e+02 -2.86405043e+27
5.89453237e+02 2.37148129e+26
5.89456532e+02 1.62916418e+27
5.89459827e+02 -2.70888627e+26
5.89463122e+02 -1.71039979e+27
5.89466417e+02 -3.18171090e+27
5.89469712e+02 -5.00987466e+27
5.89473007e+02 -3.44746489e+27
5.89476302e+02 -4.10632959e+27
5.89479598e+02 -1.04495566e+27
5.89482893e+02 1.67493360e+27
5.89486188e+02 -1.14436281e+27
5.89489483e+02 1.00110407e+27
5.89492778e+02 1.91874677e+27
5.89496073e+02 2.83958786e+27
5.89499368e+02 3.17352978e+27
5.89502663e+02 2.06059789e+27
5.89505959e+02 5.43665205e+25
5.89509254e+02 -1.49189473e+27
5.89512549e+02 -2.59224069e+27
5.89515844e+02 -5.39804230e+27
5.89519139e+02 -7.18363121e+27
5.89522434e+02 -1.39751006e+28
5.89525729e+02 -1.32338038e+28
5.89529024e+02 -1.48871127e+28
5.89532319e+02 -9.31674250e+27
5.89535615e+02 -1.40531502e+27
5.89538910e+02 4.92718926e+27
5.89542205e+02 5.59257798e+27
5.89545500e+02 5.25137112e+27
5.89548795e+02 2.71726871e+27
5.89552090e+02 1.58154076e+27
5.89555385e+02 -4.80823852e+26
5.89558680e+02 -1.22150100e+27
5.89561976e+02 -6.49758300e+26
5.89565271e+02 -9.01731247e+25
5.89568566e+02 -1.07298990e+27
5.89571861e+02 -9.61178165e+26
5.89575156e+02 -6.01323525e+26
5.89578451e+02 -3.15189941e+26
5.89581746e+02 -2.88860784e+27
5.89585041e+02 -2.65283152e+27
5.89588336e+02 -2.88991937e+26
5.89591632e+02 -7.81277198e+26
5.89594927e+02 -1.37578023e+27
5.89598222e+02 -2.33618891e+27
5.89601517e+02 -3.51741906e+27
5.89604812e+02 -4.19001672e+27
5.89608107e+02 -6.81043010e+26
5.89611402e+02 -1.39412882e+27
5.89614697e+02 -6.57406727e+26
5.89617993e+02 -3.05015673e+27
5.89621288e+02 -1.95869498e+27
5.89624583e+02 -1.46339965e+27
5.89627878e+02 -3.72719772e+27
5.89631173e+02 -1.12511398e+27
5.89634468e+02 -1.43684953e+27
5.89637763e+02 -3.12637887e+27
5.89641058e+02 -6.83470942e+26
5.89644353e+02 -4.11631877e+25
5.89647649e+02 -1.81082446e+27
5.89650944e+02 -1.02364202e+27
5.89654239e+02 -2.30514472e+27
5.89657534e+02 -4.90958283e+27
5.89660829e+02 -1.78768186e+27
5.89664124e+02 -1.14674821e+27
5.89667419e+02 -4.89649403e+25
5.89670714e+02 -2.18561057e+26
5.89674010e+02 -3.23204939e+27
5.89677305e+02 -2.07077969e+27
5.89680600e+02 -1.50292742e+27
5.89683895e+02 5.97016742e+25
5.89687190e+02 -2.14894364e+27
5.89690485e+02 -1.42503112e+27
5.89693780e+02 -2.45807984e+26
5.89697075e+02 -2.39709668e+27
5.89700370e+02 -2.73495040e+27
5.89703666e+02 -2.44040421e+27
5.89706961e+02 -3.34003697e+27
5.89710256e+02 -2.84072838e+27
5.89713551e+02 -2.81131383e+27
5.89716846e+02 -4.40411394e+27
5.89720141e+02 -3.80222347e+27
5.89723436e+02 -4.30544581e+27
5.89726731e+02 -4.19217411e+27
5.89730027e+02 -3.71531924e+27
5.89733322e+02 -5.18025246e+27
5.89736617e+02 -1.11130769e+27
5.89739912e+02 -2.68318654e+27
5.89743207e+02 -2.13105101e+27
5.89746502e+02 -2.12381947e+27
5.89749797e+02 -2.75699054e+27
5.89753092e+02 -2.56096761e+27
5.89756387e+02 -2.69975278e+27
5.89759683e+02 -6.23861309e+26
5.89762978e+02 -1.43159139e+27
5.89766273e+02 3.09182146e+26
5.89769568e+02 6.74075560e+26
5.89772863e+02 8.11282009e+26
5.89776158e+02 5.39184580e+26
5.89779453e+02 1.50707903e+27
5.89782748e+02 2.88422760e+27
5.89786044e+02 3.29228493e+27
5.89789339e+02 1.04532828e+27
5.89792634e+02 2.14736209e+27
5.89795929e+02 1.23549405e+27
5.89799224e+02 2.17283107e+27
5.89802519e+02 2.14782881e+27
5.89805814e+02 1.40469450e+27
5.89809109e+02 8.19528111e+26
5.89812404e+02 1.39390619e+26
5.89815700e+02 -4.06856888e+26
5.89818995e+02 -2.43777625e+27
5.89822290e+02 -7.73508769e+27
5.89825585e+02 -9.81849199e+27
5.89828880e+02 -1.24041937e+28
5.89832175e+02 -1.06264050e+28
5.89835470e+02 -3.10659516e+27
5.89838765e+02 1.38895578e+28
5.89842061e+02 3.76828311e+28
5.89845356e+02 5.98702815e+28
5.89848651e+02 6.04033015e+28
5.89851946e+02 3.94626016e+28
5.89855241e+02 1.94838665e+28
5.89858536e+02 9.91942033e+27
5.89861831e+02 6.56273110e+27
5.89865126e+02 6.51834687e+27
5.89868421e+02 3.27275897e+27
5.89871717e+02 3.37011916e+27
5.89875012e+02 1.79948994e+27
5.89878307e+02 1.41667408e+27
5.89881602e+02 -2.23898751e+27
5.89884897e+02 2.31663438e+26
5.89888192e+02 -3.09756944e+27
5.89891487e+02 9.13765253e+25
5.89894782e+02 4.93837465e+26
5.89898078e+02 6.79901487e+26
5.89901373e+02 -8.11770496e+25
5.89904668e+02 -1.76527607e+27
5.89907963e+02 -1.45552169e+27
5.89911258e+02 -2.05974759e+27
5.89914553e+02 -5.39371173e+26
5.89917848e+02 1.21615965e+27
5.89921143e+02 3.88274918e+26
5.89924438e+02 7.10303763e+26
5.89927734e+02 -1.19036586e+27
5.89931029e+02 1.03307409e+27
5.89934324e+02 -9.20460986e+26
5.89937619e+02 -7.05899287e+26
5.89940914e+02 1.41295899e+26
5.89944209e+02 7.56201785e+24
5.89947504e+02 -8.85799088e+26
5.89950799e+02 -9.47360347e+26
5.89954095e+02 4.90818131e+26
5.89957390e+02 6.90720393e+26
5.89960685e+02 -3.92462734e+26
5.89963980e+02 -8.08634716e+26
5.89967275e+02 1.37341619e+27
5.89970570e+02 1.60742314e+27
5.89973865e+02 -1.83413623e+27
5.89977160e+02 -3.18087161e+27
5.89980455e+02 -5.79959550e+27
5.89983751e+02 -1.07037525e+27
5.89987046e+02 6.05301837e+26
5.89990341e+02 3.26590569e+27
5.89993636e+02 4.03734781e+27
5.89996931e+02 4.57461927e+27
5.90000226e+02 1.53508997e+27
5.90003521e+02 7.28960004e+26
5.90006816e+02 -1.29611278e+27
5.90010112e+02 8.19608701e+26
5.90013407e+02 -7.23643067e+26
5.90016702e+02 -2.30392926e+27
5.90019997e+02 -1.23907235e+27
5.90023292e+02 -5.73472789e+26
5.90026587e+02 2.87180830e+26
5.90029882e+02 -1.13511300e+26
5.90033177e+02 5.38035267e+26
5.90036472e+02 -2.56225699e+27
5.90039768e+02 -5.16939099e+26
5.90043063e+02 2.79822412e+26
5.90046358e+02 -1.51616835e+27
5.90049653e+02 8.35181713e+26
5.90052948e+02 7.22795128e+26
5.90056243e+02 -2.47902046e+27
5.90059538e+02 -4.27271327e+27
5.90062833e+02 -8.48389696e+27
5.90066129e+02 -6.32467041e+27
5.90069424e+02 -1.94298310e+27
5.90072719e+02 2.33924249e+27
5.90076014e+02 1.55993786e+27
5.90079309e+02 1.94855230e+27
5.90082604e+02 -1.78156884e+26
5.90085899e+02 -4.94584051e+26
5.90089194e+02 -3.33183135e+27
5.90092489e+02 -3.75539746e+27
5.90095785e+02 -2.89959885e+27
5.90099080e+02 -3.95531061e+27
5.90102375e+02 -2.37486281e+27
5.90105670e+02 -2.21616883e+27
5.90108965e+02 -1.43256857e+27
5.90112260e+02 -2.53046268e+27
5.90115555e+02 -4.01067572e+27
5.90118850e+02 -2.64734649e+27
5.90122146e+02 -2.61909404e+27
5.90125441e+02 -1.21936583e+27
5.90128736e+02 -2.37696350e+26
5.90132031e+02 2.34615247e+26
5.90135326e+02 -1.29548619e+27
5.90138621e+02 4.45785111e+26
5.90141916e+02 1.22846614e+27
5.90145211e+02 1.81367154e+27
5.90148506e+02 4.54406287e+27
5.90151802e+02 3.06558916e+27
5.90155097e+02 2.10823095e+27
5.90158392e+02 5.09355151e+26
5.90161687e+02 -7.16112159e+26
5.90164982e+02 -5.74403335e+27
5.90168277e+02 -6.08331081e+27
5.90171572e+02 -6.40913712e+27
5.90174867e+02 -2.77339505e+27
5.90178163e+02 4.68558260e+27
5.90181458e+02 6.37702088e+27
5.90184753e+02 6.34476764e+27
5.90188048e+02 5.75851981e+27
5.90191343e+02 5.80269142e+26
5.90194638e+02 -6.41222999e+26
5.90197933e+02 -3.65127610e+26
5.90201228e+02 -2.16539298e+27
5.90204523e+02 -1.94652751e+27
5.90207819e+02 -1.71941383e+27
5.90211114e+02 -2.01104941e+27
5.90214409e+02 -5.92910401e+26
5.90217704e+02 -9.70678398e+26
5.90220999e+02 -1.75853588e+27
5.90224294e+02 -2.83053935e+27
5.90227589e+02 -1.88208646e+27
5.90230884e+02 -2.33565440e+27
5.90234180e+02 -2.48970261e+27
5.90237475e+02 -1.97248662e+27
5.90240770e+02 -2.71086809e+27
5.90244065e+02 -9.83274190e+26
5.90247360e+02 -3.26753789e+27
5.90250655e+02 -1.75887983e+27
5.90253950e+02 -4.12155879e+27
5.90257245e+02 -3.09076861e+27
5.90260540e+02 -6.44163170e+26
5.90263836e+02 -8.82588663e+26
5.90267131e+02 -1.15508241e+27
5.90270426e+02 -1.09988283e+27
5.90273721e+02 -3.58739769e+27
5.90277016e+02 -1.81834889e+27
5.90280311e+02 -8.57909701e+26
5.90283606e+02 -1.70405009e+27
5.90286901e+02 -1.37060862e+27
5.90290197e+02 -4.84646116e+26
5.90293492e+02 2.72829695e+27
5.90296787e+02 3.30193147e+27
5.90300082e+02 4.77765374e+27
5.90303377e+02 1.13533737e+27
5.90306672e+02 -2.33526410e+27
5.90309967e+02 -5.11976966e+27
5.90313262e+02 -5.82959415e+27
5.90316557e+02 -1.92208829e+27
5.90319853e+02 3.21752691e+27
5.90323148e+02 4.63296155e+27
5.90326443e+02 4.26903088e+27
5.90329738e+02 3.12553249e+27
5.90333033e+02 2.56114767e+27
5.90336328e+02 -2.65211375e+25
5.90339623e+02 4.80811244e+26
5.90342918e+02 1.37083989e+27
5.90346214e+02 -7.32071442e+26
5.90349509e+02 -1.86718122e+27
5.90352804e+02 -2.22354060e+27
5.90356099e+02 -6.64289673e+26
5.90359394e+02 -2.13542238e+26
5.90362689e+02 1.53795232e+25
5.90365984e+02 -1.34684071e+27
5.90369279e+02 -2.69694869e+27
5.90372574e+02 -1.03490448e+27
5.90375870e+02 -2.05377681e+27
5.90379165e+02 -1.20272225e+27
5.90382460e+02 -2.55080491e+27
5.90385755e+02 -3.69152834e+27
5.90389050e+02 -1.69148297e+27
5.90392345e+02 -1.37713046e+27
5.90395640e+02 -2.91817509e+27
5.90398935e+02 -1.85424296e+27
5.90402231e+02 -3.62656698e+27
5.90405526e+02 -6.69118271e+26
5.90408821e+02 -4.05321388e+26
5.90412116e+02 -1.56860912e+27
5.90415411e+02 -8.37837585e+26
