# Wavelength Flux(MR)
5.89097364e+02 -2.08841513e+27
5.89100659e+02 -3.54990479e+27
5.89103954e+02 -1.73889084e+27
5.89107249e+02 3.89724116e+26
5.89110544e+02 2.04171813e+26
5.89113839e+02 -2.48482213e+26
5.89117135e+02 3.73724746e+26
5.89120430e+02 -1.31381152e+26
5.89123725e+02 -3.89482967e+27
5.89127020e+02 -5.90948949e+27
5.89130315e+02 -3.58326742e+27
5.89133610e+02 -3.12930000e+26
5.89136905e+02 3.46958528e+27
5.89140200e+02 3.56450067e+27
5.89143496e+02 3.12182017e+27
5.89146791e+02 1.93251186e+27
5.89150086e+02 1.75607309e+27
5.89153381e+02 4.06005025e+25
5.89156676e+02 4.92906479e+25
5.89159971e+02 2.41174980e+27
5.89163266e+02 1.14377676e+27
5.89166561e+02 -1.09167148e+27
5.89169856e+02 -4.84288911e+26
5.89173152e+02 -2.15577545e+27
5.89176447e+02 2.15996863e+26
5.89179742e+02 1.57461036e+27
5.89183037e+02 2.02691140e+27
5.89186332e+02 2.64790722e+27
5.89189627e+02 1.12775842e+27
5.89192922e+02 3.09378837e+27
5.89196217e+02 8.79954992e+26
5.89199513e+02 7.28028424e+26
5.89202808e+02 -3.36379706e+26
5.89206103e+02 2.99065137e+26
5.89209398e+02 -5.32185422e+26
5.89212693e+02 1.59376998e+27
5.89215988e+02 -1.45366446e+27
5.89219283e+02 -1.78275020e+27
5.89222578e+02 -4.85931355e+27
5.89225873e+02 -1.00079920e+28
5.89229169e+02 -1.29109239e+28
5.89232464e+02 -1.37134927e+28
5.89235759e+02 -7.53611236e+27
5.89239054e+02 8.72833683e+27
5.89242349e+02 4.25900520e+28
5.89245644e+02 8.40922344e+28
5.89248939e+02 1.00430938e+29
5.89252234e+02 7.78380750e+28
5.89255530e+02 3.84902331e+28
5.89258825e+02 1.19312061e+28
5.89262120e+02 6.34499994e+27
5.89265415e+02 3.62301077e+27
5.89268710e+02 3.65866108e+27
5.89272005e+02 2.84010533e+27
5.89275300e+02 1.68814047e+27
5.89278595e+02 -3.73948086e+26
5.89281890e+02 -2.24165095e+27
5.89285186e+02 -9.94517530e+26
5.89288481e+02 -1.52687194e+26
5.89291776e+02 1.02354752e+27
5.89295071e+02 2.21333284e+27
5.89298366e+02 2.03565191e+27
5.89301661e+02 9.98897173e+26
5.89304956e+02 3.61140647e+27
5.89308251e+02 3.23701407e+27
5.89311547e+02 3.17201742e+27
5.89314842e+02 1.79613852e+27
5.89318137e+02 2.99335910e+27
5.89321432e+02 1.28195794e+27
5.89324727e+02 -3.71254168e+26
5.89328022e+02 -2.44343725e+27
5.89331317e+02 -3.86840387e+27
5.89334612e+02 -6.63105642e+26
5.89337907e+02 3.98298426e+27
5.89341203e+02 4.54145640e+27
5.89344498e+02 3.90677656e+27
5.89347793e+02 2.84966167e+27
5.89351088e+02 -1.79414938e+27
5.89354383e+02 -3.12924388e+27
5.89357678e+02 -5.67626094e+27
5.89360973e+02 -5.15430061e+27
5.89364268e+02 -2.52769396e+27
5.89367564e+02 -2.27549013e+27
5.89370859e+02 -9.34084930e+26
5.89374154e+02 1.20760176e+27
5.89377449e+02 1.42442977e+27
5.89380744e+02 7.84211212e+26
5.89384039e+02 -7.33992717e+26
5.89387334e+02 9.82335785e+26
5.89390629e+02 1.32037466e+27
5.89393924e+02 -1.99492306e+27
5.89397220e+02 -2.77092197e+27
5.89400515e+02 -3.89901678e+27
5.89403810e+02 -4.78203289e+27
5.89407105e+02 -2.81752132e+27
5.89410400e+02 2.96480828e+26
5.89413695e+02 1.23771244e+27
5.89416990e+02 -1.10197938e+26
5.89420285e+02 3.03676266e+26
5.89423581e+02 3.29546253e+26
5.89426876e+02 -2.43341558e+27
5.89430171e+02 -6.46025532e+26
5.89433466e+02 -1.82991173e+27
5.89436761e+02 -1.61964525e+27
5.89440056e+02 1.51325093e+27
5.89443351e+02 -1.09218100e+27
5.89446646e+02 -7.44722328e+26
5.89449941e+02 -1.82956367e+26
5.89453237e+02 -1.63303528e+27
5.89456532e+02 2.42591064e+26
5.89459827e+02 -2.71478221e+26
5.89463122e+02 -2.79824667e+27
5.89466417e+02 -3.15799640e+27
5.89469712e+02 -2.96312644e+27
5.89473007e+02 -2.66345859e+27
5.89476302e+02 9.22063214e+26
5.89479598e+02 1.70527947e+26
5.89482893e+02 5.46861792e+26
5.89486188e+02 1.54506739e+27
5.89489483e+02 2.09761605e+27
5.89492778e+02 2.70817862e+27
5.89496073e+02 2.25670927e+27
5.89499368e+02 4.38053203e+27
5.89502663e+02 1.72756579e+27
5.89505959e+02 1.43365796e+27
5.89509254e+02 4.20635522e+26
5.89512549e+02 -4.85519558e+27
5.89515844e+02 -6.43494710e+27
5.89519139e+02 -9.69786009e+27
5.89522434e+02 -1.17967501e+28
5.89525729e+02 -1.65503084e+28
5.89529024e+02 -1.62434781e+28
5.89532319e+02 -1.00191949e+28
5.89535615e+02 -2.51980540e+27
5.89538910e+02 3.60575707e+27
5.89542205e+02 5.91937282e+27
5.89545500e+02 4.98065650e+27
5.89548795e+02 2.91995187e+27
5.89552090e+02 1.18300431e+27
5.89555385e+02 -1.54610868e+26
5.89558680e+02 -3.02871508e+27
5.89561976e+02 -2.55598248e+27
5.89565271e+02 -1.83999189e+27
5.89568566e+02 -1.63100139e+27
5.89571861e+02 -2.62762873e+27
5.89575156e+02 -1.27801807e+27
5.89578451e+02 -1.50512080e+27
5.89581746e+02 -2.15117303e+27
5.89585041e+02 -9.79263144e+26
5.89588336e+02 -1.69694245e+27
5.89591632e+02 -1.50609713e+27
5.89594927e+02 -1.29767470e+27
5.89598222e+02 -1.68209552e+27
5.89601517e+02 -3.85650653e+27
5.89604812e+02 -4.12592748e+27
5.89608107e+02 -1.64355532e+27
5.89611402e+02 -1.08642366e+27
5.89614697e+02 -2.67563587e+27
5.89617993e+02 -2.48245580e+27
5.89621288e+02 -2.68662603e+27
5.89624583e+02 -3.07879156e+27
5.89627878e+02 -7.20230954e+26
5.89631173e+02 -1.69940113e+27
5.89634468e+02 -1.20863909e+27
5.89637763e+02 -1.30310003e+27
5.89641058e+02 -2.42832988e+27
5.89644353e+02 -1.10195723e+27
5.89647649e+02 -2.14812422e+27
5.89650944e+02 -1.45856654e+27
5.89654239e+02 -2.02044596e+27
5.89657534e+02 -3.40037241e+27
5.89660829e+02 -3.16367070e+27
5.89664124e+02 -8.09326219e+26
5.89667419e+02 -1.92695219e+26
5.89670714e+02 -8.69098370e+26
5.89674010e+02 -1.44308227e+27
5.89677305e+02 -1.58521773e+27
5.89680600e+02 -2.18664180e+27
5.89683895e+02 -1.96583011e+27
5.89687190e+02 -1.77098497e+27
5.89690485e+02 -1.70512627e+26
5.89693780e+02 -9.43044219e+26
5.89697075e+02 -2.80542509e+27
5.89700370e+02 -9.38525282e+26
5.89703666e+02 -6.17343903e+26
5.89706961e+02 -3.63726893e+27
5.89710256e+02 -1.51790407e+27
5.89713551e+02 -3.45737458e+27
5.89716846e+02 -2.45943437e+27
5.89720141e+02 -2.87239899e+27
5.89723436e+02 -3.80592604e+27
5.89726731e+02 -2.61455179e+27
5.89730027e+02 -3.54604026e+27
5.89733322e+02 -1.44624228e+27
5.89736617e+02 -2.65418916e+27
5.89739912e+02 -8.51826634e+26
5.89743207e+02 -5.75764496e+26
5.89746502e+02 -2.97917964e+26
5.89749797e+02 -1.57365556e+27
5.89753092e+02 -9.36264885e+26
5.89756387e+02 -2.20693099e+27
5.89759683e+02 -7.26207068e+26
5.89762978e+02 -1.12998566e+27
5.89766273e+02 -1.76618723e+26
5.89769568e+02 1.08967309e+27
5.89772863e+02 3.59489127e+25
5.89776158e+02 7.27995203e+25
5.89779453e+02 -3.48774185e+26
5.89782748e+02 3.55622269e+26
5.89786044e+02 2.50015850e+27
5.89789339e+02 1.40407100e+27
5.89792634e+02 2.85209974e+27
5.89795929e+02 3.48076631e+27
5.89799224e+02 1.99618798e+27
5.89802519e+02 2.40586350e+27
5.89805814e+02 8.72620982e+26
5.89809109e+02 1.41652984e+26
5.89812404e+02 4.20586965e+26
5.89815700e+02 -7.55520650e+26
5.89818995e+02 -3.05673403e+27
5.89822290e+02 -7.15305261e+27
5.89825585e+02 -1.08553845e+28
5.89828880e+02 -1.36344572e+28
5.89832175e+02 -1.26550752e+28
5.89835470e+02 -6.03786615e+27
5.89838765e+02 1.07029989e+28
5.89842061e+02 3.54803972e+28
5.89845356e+02 5.70691316e+28
5.89848651e+02 5.82282361e+28
5.89851946e+02 4.11770235e+28
5.89855241e+02 2.02997182e+28
5.89858536e+02 9.27979230e+27
5.89861831e+02 6.71083275e+27
5.89865126e+02 4.17119606e+27
5.89868421e+02 3.59516266e+27
5.89871717e+02 3.09436815e+27
5.89875012e+02 8.89631595e+26
5.89878307e+02 -2.77618207e+26
5.89881602e+02 -1.70367353e+26
5.89884897e+02 -9.49982224e+26
5.89888192e+02 -4.27921199e+26
5.89891487e+02 -1.36378625e+27
5.89894782e+02 1.00871678e+26
5.89898078e+02 2.09787239e+27
5.89901373e+02 -9.22595335e+26
5.89904668e+02 -8.74683982e+26
5.89907963e+02 -3.45331148e+27
5.89911258e+02 -2.91002015e+27
5.89914553e+02 -2.57254168e+27
5.89917848e+02 -1.10533537e+27
5.89921143e+02 -9.60552244e+26
5.89924438e+02 -2.14858688e+26
5.89927734e+02 -2.82153180e+26
5.89931029e+02 2.21763029e+26
5.89934324e+02 2.47096854e+26
5.89937619e+02 6.98755100e+26
5.89940914e+02 -1.08052867e+27
5.89944209e+02 -1.12715057e+27
5.89947504e+02 -1.56802955e+27
5.89950799e+02 3.03202205e+26
5.89954095e+02 4.76312622e+26
5.89957390e+02 -9.29914120e+26
5.89960685e+02 -8.13799451e+26
5.89963980e+02 1.06458661e+27
5.89967275e+02 7.33657272e+26
5.89970570e+02 1.13394955e+27
5.89973865e+02 5.77169001e+26
5.89977160e+02 -3.76691577e+27
5.89980455e+02 -3.70746163e+27
5.89983751e+02 -2.95674345e+27
5.89987046e+02 -7.48529106e+24
5.89990341e+02 4.24455290e+27
5.89993636e+02 3.49628807e+27
5.89996931e+02 3.42784206e+27
5.90000226e+02 3.84334993e+27
5.90003521e+02 2.75164325e+26
5.90006816e+02 2.27220048e+26
5.90010112e+02 -2.37374819e+25
5.90013407e+02 -2.05219791e+26
5.90016702e+02 -1.33734477e+27
5.90019997e+02 9.68300936e+26
5.90023292e+02 -8.35644365e+26
5.90026587e+02 -1.70320596e+26
5.90029882e+02 -7.85255159e+26
5.90033177e+02 -2.11613674e+27
5.90036472e+02 -7.45847843e+26
5.90039768e+02 2.11736161e+26
5.90043063e+02 3.80949165e+26
5.90046358e+02 4.85390167e+25
5.90049653e+02 6.80995977e+26
5.90052948e+02 5.45051554e+26
5.90056243e+02 -7.22435166e+26
5.90059538e+02 -4.78784314e+27
5.90062833e+02 -5.57061881e+27
5.90066129e+02 -5.39492503e+27
5.90069424e+02 -2.53333611e+27
5.90072719e+02 3.45471644e+26
5.90076014e+02 4.26673436e+26
5.90079309e+02 1.68449653e+27
5.90082604e+02 -8.21593857e+26
5.90085899e+02 -1.14755163e+27
5.90089194e+02 -7.26708006e+26
5.90092489e+02 -7.76855515e+26
5.90095785e+02 -1.45109924e+27
5.90099080e+02 -2.07721875e+27
5.90102375e+02 -1.68573092e+27
5.90105670e+02 -1.83571762e+27
5.90108965e+02 -2.18139357e+27
5.90112260e+02 -2.19330584e+27
5.90115555e+02 -3.04119643e+27
5.90118850e+02 -2.15128543e+27
5.90122146e+02 -1.02989363e+27
5.90125441e+02 -2.98458123e+27
5.90128736e+02 -1.69837983e+27
5.90132031e+02 1.84883366e+27
5.90135326e+02 2.30292023e+27
5.90138621e+02 2.51081278e+27
5.90141916e+02 2.85410502e+27
5.90145211e+02 5.59588091e+27
5.90148506e+02 3.65566482e+27
5.90151802e+02 2.79550300e+27
5.90155097e+02 4.75915842e+27
5.90158392e+02 1.45330617e+27
5.90161687e+02 -9.98309244e+26
5.90164982e+02 -3.32942967e+27
5.90168277e+02 -7.21100950e+27
5.90171572e+02 -9.23344724e+27
5.90174867e+02 -1.91663412e+27
5.90178163e+02 3.70357576e+27
5.90181458e+02 5.22257271e+27
5.90184753e+02 4.89748257e+27
5.90188048e+02 5.17030671e+27
5.90191343e+02 1.54580638e+27
5.90194638e+02 -1.64539928e+27
5.90197933e+02 -4.83021252e+26
5.90201228e+02 -2.59923522e+27
5.90204523e+02 -8.82374442e+26
5.90207819e+02 -1.68088718e+27
5.90211114e+02 -1.49562339e+27
5.90214409e+02 -1.59253465e+27
5.90217704e+02 -2.09165550e+27
5.90220999e+02 -1.14409783e+27
5.90224294e+02 -1.79253437e+27
5.90227589e+02 -2.26450816e+27
5.90230884e+02 -2.52844971e+27
5.90234180e+02 -2.27919675e+27
5.90237475e+02 -1.92872004e+27
5.90240770e+02 -1.45569941e+27
5.90244065e+02 -1.62168739e+27
5.90247360e+02 -2.65348660e+27
5.90250655e+02 -2.30190143e+27
5.90253950e+02 -3.75342338e+27
5.90257245e+02 -2.03740211e+27
5.90260540e+02 -2.37114577e+27
5.90263836e+02 -2.32684632e+27
5.90267131e+02 -1.91993094e+27
5.90270426e+02 1.25434756e+26
5.90273721e+02 -1.69664043e+27
5.90277016e+02 -1.14125434e+27
5.90280311e+02 4.05229146e+26
5.90283606e+02 -1.13844001e+27
5.90286901e+02 -3.39163767e+26
5.90290197e+02 1.85245562e+27
5.90293492e+02 2.99515592e+27
5.90296787e+02 4.42337230e+27
5.90300082e+02 4.69494349e+27
5.90303377e+02 1.94476502e+27
5.90306672e+02 -1.68393401e+27
5.90309967e+02 -5.02364846e+27
5.90313262e+02 -4.27795340e+27
5.90316557e+02 -1.87694195e+27
5.90319853e+02 2.42614688e+27
5.90323148e+02 3.81356977e+27
5.90326443e+02 4.46239146e+27
5.90329738e+02 3.81812394e+27
5.90333033e+02 2.07260067e+27
5.90336328e+02 7.39894228e+25
5.90339623e+02 1.67006684e+26
5.90342918e+02 -7.78116975e+26
5.90346214e+02 -6.96372674e+26
5.90349509e+02 1.34617061e+26
5.90352804e+02 -5.48210827e+26
5.90356099e+02 1.25873080e+26
5.90359394e+02 -5.97052417e+26
5.90362689e+02 -9.15257156e+26
5.90365984e+02 -1.43555883e+27
5.90369279e+02 -1.87983871e+27
5.90372574e+02 -1.97438023e+27
5.90375870e+02 -1.00538485e+27
5.90379165e+02 -3.21489417e+27
5.90382460e+02 -2.80021540e+27
5.90385755e+02 -2.69502376e+27
5.90389050e+02 -1.09413913e+27
5.90392345e+02 -1.92129114e+27
5.90395640e+02 -2.30477474e+27
5.90398935e+02 -1.92613212e+27
5.90402231e+02 -1.26274172e+27
5.90405526e+02 -5.59008788e+26
5.90408821e+02 -2.61385528e+26
5.90412116e+02 -4.90950097e+26
5.90415411e+02 1.12536523e+27
