# Wavelength Flux(MR)
5.89097364e+02 -2.71308665e+27
5.89100659e+02 -2.95393829e+27
5.89103954e+02 -1.37646880e+26
5.89107249e+02 -2.04133084e+26
5.89110544e+02 -6.32362037e+26
5.89113839e+02 -5.63255344e+26
5.89117135e+02 -4.32616294e+25
5.89120430e+02 1.83722511e+27
5.89123725e+02 -2.09265738e+27
5.89127020e+02 -2.45805814e+27
5.89130315e+02 -3.29003317e+27
5.89133610e+02 1.69909230e+27
5.89136905e+02 3.34423681e+27
5.89140200e+02 3.65353330e+27
5.89143496e+02 4.13774418e+27
5.89146791e+02 3.83768305e+27
5.89150086e+02 8.22380862e+26
5.89153381e+02 1.30039604e+27
5.89156676e+02 1.41829088e+27
5.89159971e+02 3.03600672e+26
5.89163266e+02 -1.29159518e+27
5.89166561e+02 -1.11333115e+27
5.89169856e+02 -1.89964983e+27
5.89173152e+02 -1.99284945e+27
5.89176447e+02 -1.74997438e+27
5.89179742e+02 1.70009027e+27
5.89183037e+02 3.20129750e+27
5.89186332e+02 7.32669824e+26
5.89189627e+02 4.60725860e+26
5.89192922e+02 -7.13510311e+26
5.89196217e+02 1.01753493e+27
5.89199513e+02 -7.03711393e+26
5.89202808e+02 -1.20289772e+27
5.89206103e+02 -1.53113015e+27
5.89209398e+02 -2.74113987e+27
5.89212693e+02 -3.27887063e+26
5.89215988e+02 -1.26221631e+26
5.89219283e+02 -2.02926496e+27
5.89222578e+02 -6.75392280e+27
5.89225873e+02 -1.15344001e+28
5.89229169e+02 -1.52472721e+28
5.89232464e+02 -1.39864427e+28
5.89235759e+02 -7.08807196e+27
5.89239054e+02 1.18856993e+28
5.89242349e+02 4.54590726e+28
5.89245644e+02 8.50683846e+28
5.89248939e+02 1.00394035e+29
5.89252234e+02 7.64996102e+28
5.89255530e+02 3.57993045e+28
5.89258825e+02 1.43485220e+28
5.89262120e+02 7.56429005e+27
5.89265415e+02 4.42492818e+27
5.89268710e+02 3.91435988e+27
5.89272005e+02 4.46539093e+27
5.89275300e+02 2.27295951e+27
5.89278595e+02 1.85381944e+27
5.89281890e+02 1.24384675e+27
5.89285186e+02 -4.84988483e+26
5.89288481e+02 6.69579115e+26
5.89291776e+02 5.49689869e+26
5.89295071e+02 1.96510656e+27
5.89298366e+02 2.04315090e+27
5.89301661e+02 1.11301345e+27
5.89304956e+02 3.99815956e+27
5.89308251e+02 2.26293614e+27
5.89311547e+02 1.20711431e+27
5.89314842e+02 -7.14229542e+25
5.89318137e+02 2.50172497e+27
5.89321432e+02 1.38303526e+27
5.89324727e+02 8.82251196e+26
5.89328022e+02 -2.23508910e+27
5.89331317e+02 -5.56255604e+26
5.89334612e+02 8.12058565e+26
5.89337907e+02 4.44868142e+27
5.89341203e+02 5.84696830e+27
5.89344498e+02 2.15427262e+27
5.89347793e+02 2.24633704e+27
5.89351088e+02 6.82256758e+26
5.89354383e+02 -4.20204268e+27
5.89357678e+02 -5.53904019e+27
5.89360973e+02 -4.27757037e+27
5.89364268e+02 -1.12785060e+27
5.89367564e+02 -1.31616226e+27
5.89370859e+02 6.94635338e+26
5.89374154e+02 1.84469344e+25
5.89377449e+02 1.54019070e+27
5.89380744e+02 8.21685182e+26
5.89384039e+02 1.51254559e+27
5.89387334e+02 1.59966434e+27
5.89390629e+02 1.29412258e+27
5.89393924e+02 -2.84656720e+26
5.89397220e+02 -1.47736080e+26
5.89400515e+02 -2.35343649e+27
5.89403810e+02 -4.25010422e+27
5.89407105e+02 -2.80847615e+27
5.89410400e+02 1.31073264e+27
5.89413695e+02 2.60560676e+27
5.89416990e+02 2.02850828e+27
5.89420285e+02 1.56898970e+27
5.89423581e+02 -3.57090815e+25
5.89426876e+02 -1.49501414e+27
5.89430171e+02 -1.81624609e+27
5.89433466e+02 -1.96126891e+27
5.89436761e+02 -7.94384815e+26
5.89440056e+02 -4.56219225e+26
5.89443351e+02 1.47917293e+26
5.89446646e+02 -9.35243588e+26
5.89449941e+02 -3.29497447e+26
5.89453237e+02 8.60884302e+25
5.89456532e+02 -1.04585458e+27
5.89459827e+02 -9.30796187e+26
5.89463122e+02 -1.41113501e+27
5.89466417e+02 -3.24708934e+27
5.89469712e+02 -3.25325049e+27
5.89473007e+02 -2.45922429e+27
5.89476302e+02 6.50843873e+26
5.89479598e+02 -1.03916682e+27
5.89482893e+02 3.30083244e+26
5.89486188e+02 -4.18917304e+26
5.89489483e+02 2.10563683e+27
5.89492778e+02 3.93163622e+27
5.89496073e+02 4.80925032e+27
5.89499368e+02 2.04997969e+27
5.89502663e+02 -2.53101718e+26
5.89505959e+02 -1.11459755e+27
5.89509254e+02 -2.07473941e+27
5.89512549e+02 -4.69475835e+27
5.89515844e+02 -6.89058420e+27
5.89519139e+02 -1.04879140e+28
5.89522434e+02 -1.32533345e+28
5.89525729e+02 -1.67723681e+28
5.89529024e+02 -1.32906556e+28
5.89532319e+02 -7.35569843e+27
5.89535615e+02 -7.33789549e+26
5.89538910e+02 4.93590322e+27
5.89542205e+02 5.83240731e+27
5.89545500e+02 4.66654031e+27
5.89548795e+02 3.75880044e+27
5.89552090e+02 2.80061287e+27
5.89555385e+02 8.45441451e+26
5.89558680e+02 1.97955207e+26
5.89561976e+02 -2.37036347e+27
5.89565271e+02 -2.36154504e+27
5.89568566e+02 -1.89403009e+27
5.89571861e+02 -1.67357437e+27
5.89575156e+02 -3.52561612e+27
5.89578451e+02 -2.52036020e+27
5.89581746e+02 -1.97384227e+27
5.89585041e+02 -1.35011458e+27
5.89588336e+02 8.97580447e+25
5.89591632e+02 -1.27896897e+27
5.89594927e+02 -1.26746034e+27
5.89598222e+02 -2.65196538e+27
5.89601517e+02 -2.75253985e+27
5.89604812e+02 -4.16955507e+27
5.89608107e+02 -2.18983916e+27
5.89611402e+02 -4.96571124e+26
5.89614697e+02 -3.63937696e+26
5.89617993e+02 -2.53593869e+27
5.89621288e+02 -1.33144924e+27
5.89624583e+02 -5.44571882e+26
5.89627878e+02 -2.04550541e+27
5.89631173e+02 -1.93483726e+27
5.89634468e+02 -6.93983693e+26
5.89637763e+02 -3.72753158e+27
5.89641058e+02 -2.18383844e+27
5.89644353e+02 -1.66398935e+27
5.89647649e+02 -2.99346397e+27
5.89650944e+02 -2.41742694e+27
5.89654239e+02 -2.21693362e+27
5.89657534e+02 -4.72689970e+27
5.89660829e+02 -1.87161967e+27
5.89664124e+02 -1.24120034e+27
5.89667419e+02 -2.08409315e+27
5.89670714e+02 -1.99079550e+27
5.89674010e+02 -1.51049080e+27
5.89677305e+02 -2.50418561e+27
5.89680600e+02 -3.04955298e+27
5.89683895e+02 -2.08472610e+27
5.89687190e+02 -1.58013332e+27
5.89690485e+02 -2.10811069e+27
5.89693780e+02 -1.57142035e+27
5.89697075e+02 -7.81380794e+26
5.89700370e+02 -1.82528595e+27
5.89703666e+02 -2.70084925e+27
5.89706961e+02 -3.19363578e+27
5.89710256e+02 -3.86846917e+27
5.89713551e+02 -3.84452497e+27
5.89716846e+02 -2.79075481e+27
5.89720141e+02 -3.77889382e+27
5.89723436e+02 -5.19950389e+27
5.89726731e+02 -2.71481340e+27
5.89730027e+02 -4.77621302e+27
5.89733322e+02 -3.30412973e+27
5.89736617e+02 -4.18424770e+27
5.89739912e+02 -2.73999688e+27
5.89743207e+02 -1.50920859e+27
5.89746502e+02 -2.15267265e+27
5.89749797e+02 -2.01137205e+27
5.89753092e+02 -2.61461148e+27
5.89756387e+02 -1.10636425e+26
5.89759683e+02 2.10399254e+26
5.89762978e+02 -8.74734052e+26
5.89766273e+02 4.82640047e+26
5.89769568e+02 8.12268923e+26
5.89772863e+02 1.08227000e+27
5.89776158e+02 2.05191778e+27
5.89779453e+02 1.61115075e+27
5.89782748e+02 7.82066430e+26
5.89786044e+02 2.32969383e+27
5.89789339e+02 1.03036417e+27
5.89792634e+02 1.95733940e+27
5.89795929e+02 9.02192755e+26
5.89799224e+02 1.29697367e+27
5.89802519e+02 4.80984170e+26
5.89805814e+02 -4.70569326e+25
5.89809109e+02 -1.16272839e+27
5.89812404e+02 7.70225407e+26
5.89815700e+02 -1.03323541e+27
5.89818995e+02 -3.33661286e+27
5.89822290e+02 -7.68779127e+27
5.89825585e+02 -1.12288728e+28
5.89828880e+02 -1.41131830e+28
5.89832175e+02 -1.32338284e+28
5.89835470e+02 -3.83546517e+27
5.89838765e+02 1.32243328e+28
5.89842061e+02 3.90277372e+28
5.89845356e+02 6.07545730e+28
5.89848651e+02 6.22753223e+28
5.89851946e+02 4.28206104e+28
5.89855241e+02 2.19335164e+28
5.89858536e+02 1.12002779e+28
5.89861831e+02 9.16894001e+27
5.89865126e+02 6.84327485e+27
5.89868421e+02 4.47774022e+27
5.89871717e+02 4.07998308e+27
5.89875012e+02 3.36419787e+27
5.89878307e+02 7.03715304e+26
5.89881602e+02 -9.14189460e+26
5.89884897e+02 2.39783979e+26
5.89888192e+02 -1.17295854e+27
5.89891487e+02 -9.35796407e+26
5.89894782e+02 9.68221977e+25
5.89898078e+02 9.42044395e+26
5.89901373e+02 -2.92184004e+26
5.89904668e+02 -9.01895545e+26
5.89907963e+02 -2.40910885e+27
5.89911258e+02 -3.25127452e+27
5.89914553e+02 -2.71370077e+27
5.89917848e+02 -2.51243557e+27
5.89921143e+02 -1.65192373e+27
5.89924438e+02 1.02788570e+27
5.89927734e+02 -1.11213024e+27
5.89931029e+02 -6.12616711e+26
5.89934324e+02 3.07893495e+26
5.89937619e+02 -1.04880369e+27
5.89940914e+02 -3.11940807e+27
5.89944209e+02 -1.08119739e+27
5.89947504e+02 -2.60552406e+27
5.89950799e+02 6.79311411e+25
5.89954095e+02 6.88186675e+26
5.89957390e+02 -5.68437298e+26
5.89960685e+02 -4.10384354e+26
5.89963980e+02 1.85814947e+24
5.89967275e+02 7.26845151e+26
5.89970570e+02 2.47900113e+27
5.89973865e+02 1.08929487e+26
5.89977160e+02 -3.87679053e+27
5.89980455e+02 -5.51018311e+27
5.89983751e+02 -2.15607143e+27
5.89987046e+02 1.28317113e+27
5.89990341e+02 4.02875167e+27
5.89993636e+02 3.53936945e+27
5.89996931e+02 3.49806031e+27
5.90000226e+02 3.44365509e+27
5.90003521e+02 3.64081979e+26
5.90006816e+02 9.76281517e+26
5.90010112e+02 1.19610380e+27
5.90013407e+02 5.22520534e+26
5.90016702e+02 -4.03095624e+26
5.90019997e+02 -6.98823410e+26
5.90023292e+02 -1.50330346e+27
5.90026587e+02 -1.41337943e+27
5.90029882e+02 -6.73395339e+26
5.90033177e+02 -1.86263090e+27
5.90036472e+02 -2.10174437e+27
5.90039768e+02 -2.11839977e+27
5.90043063e+02 4.49143390e+26
5.90046358e+02 -1.75912227e+26
5.90049653e+02 8.11790488e+26
5.90052948e+02 7.33659258e+26
5.90056243e+02 -1.43975528e+27
5.90059538e+02 -5.02352952e+27
5.90062833e+02 -7.36847264e+27
5.90066129e+02 -5.32594882e+27
5.90069424e+02 -1.26142859e+27
5.90072719e+02 -2.54978841e+26
5.90076014e+02 5.15992675e+26
5.90079309e+02 1.58739073e+27
5.90082604e+02 1.31894813e+27
5.90085899e+02 -2.05701126e+27
5.90089194e+02 -4.29577578e+26
5.90092489e+02 -1.83313663e+27
5.90095785e+02 -2.48712641e+27
5.90099080e+02 -2.28120539e+27
5.90102375e+02 -2.84753987e+27
5.90105670e+02 -2.60226948e+27
5.90108965e+02 -1.83593079e+27
5.90112260e+02 -3.98909754e+27
5.90115555e+02 -3.93859821e+27
5.90118850e+02 -2.09798222e+27
5.90122146e+02 -2.89064785e+27
5.90125441e+02 -3.92658590e+27
5.90128736e+02 -6.01230319e+26
5.90132031e+02 -1.64553024e+27
5.90135326e+02 1.43886944e+26
5.90138621e+02 1.66920931e+27
5.90141916e+02 1.49286466e+27
5.90145211e+02 4.10351864e+27
5.90148506e+02 4.19477246e+27
5.90151802e+02 2.49121029e+27
5.90155097e+02 3.23931271e+27
5.90158392e+02 2.08506204e+27
5.90161687e+02 -2.79599216e+26
5.90164982e+02 -5.21372162e+27
5.90168277e+02 -9.43740944e+27
5.90171572e+02 -5.32829365e+27
5.90174867e+02 -6.64404424e+26
5.90178163e+02 3.81615330e+27
5.90181458e+02 6.80809257e+27
5.90184753e+02 7.83345124e+27
5.90188048e+02 4.55755416e+27
5.90191343e+02 2.82662239e+26
5.90194638e+02 -1.07280382e+26
5.90197933e+02 -2.01836371e+26
5.90201228e+02 -1.24179884e+27
5.90204523e+02 -1.88364715e+27
5.90207819e+02 -1.74085463e+27
5.90211114e+02 -6.85340002e+26
5.90214409e+02 -1.19678676e+27
5.90217704e+02 -7.52916806e+26
5.90220999e+02 -1.56712369e+25
5.90224294e+02 -3.73291751e+27
5.90227589e+02 -1.64669936e+27
5.90230884e+02 -1.61021038e+27
5.90234180e+02 -2.16344969e+27
5.90237475e+02 -2.77949488e+27
5.90240770e+02 -1.80477074e+27
5.90244065e+02 -9.32889417e+26
5.90247360e+02 -2.37459201e+27
5.90250655e+02 -3.96339917e+27
5.90253950e+02 -1.96137944e+27
5.90257245e+02 -3.11794903e+27
5.90260540e+02 -3.39562859e+27
5.90263836e+02 -1.88976191e+27
5.90267131e+02 -2.12997208e+27
5.90270426e+02 -1.57649213e+27
5.90273721e+02 -1.10601121e+27
5.90277016e+02 -1.54328568e+27
5.90280311e+02 -6.10123972e+26
5.90283606e+02 -6.45032239e+26
5.90286901e+02 -5.52285156e+26
5.90290197e+02 2.38911810e+26
5.90293492e+02 2.86444711e+27
5.90296787e+02 2.98078519e+27
5.90300082e+02 2.90744441e+27
5.90303377e+02 1.17928733e+27
5.90306672e+02 -9.56874158e+26
5.90309967e+02 -5.78468380e+27
5.90313262e+02 -5.63263359e+27
5.90316557e+02 -2.95593953e+26
5.90319853e+02 3.26441147e+27
5.90323148e+02 3.98682190e+27
5.90326443e+02 4.22347258e+27
5.90329738e+02 3.36340757e+27
5.90333033e+02 3.25534555e+27
5.90336328e+02 1.26755057e+27
5.90339623e+02 -1.47129191e+26
5.90342918e+02 -1.71198703e+27
5.90346214e+02 -7.92043824e+26
5.90349509e+02 -5.75338907e+26
5.90352804e+02 -7.00915673e+26
5.90356099e+02 -8.72067717e+26
5.90359394e+02 3.11990871e+26
5.90362689e+02 -1.34073604e+27
5.90365984e+02 -1.00778863e+27
5.90369279e+02 -1.87206114e+27
5.90372574e+02 -2.33354564e+27
5.90375870e+02 -2.09544982e+27
5.90379165e+02 -2.52045381e+27
5.90382460e+02 -2.75657202e+27
5.90385755e+02 4.75713691e+26
5.90389050e+02 -3.29242609e+27
5.90392345e+02 -2.03613659e+27
5.90395640e+02 -9.03867997e+26
5.90398935e+02 -2.74290101e+27
5.90402231e+02 -1.37009667e+27
5.90405526e+02 -1.31252886e+27
5.90408821e+02 -7.34330064e+26
5.90412116e+02 1.02972467e+26
5.90415411e+02 1.41176542e+27
